1 2 1 0.5 2 2 0.5 0.5 0.5 1 2 2 2 0.5 0.5 1 0.5 2
2 1 1 1 0.5 1 1 0.5 1 2 1 2 0.5 0.5 0.5 2 1 0.5
1 1 0.5 1 1 2 0.5 1 0 1 1 1 2 1 1 0.5 1 1
1 1 1 1 0.5 0.5 1 1 0 0 2 0.5 1 1 0.5 1 1 1
1 1 0.5 0.5 1 0 1 1 2 0.5 1 2 0.5 1 2 1 1 0.5
2 0.5 0.5 0.5 2 1 2 1 2 1 1 0.5 1 1 1 0.5 0.5 1
1 2 2 1 0.5 1 2 0.5 1 1 1 0.5 1 2 0.5 1 1 2
1 1 2 0.5 0.5 1 1 0.5 0.5 1 1 0.5 1 1 0.5 1 0.5 1
1 1 0.5 1 1 1 1 2 1 0.5 1 1 1 1 1 1 0.5 2
1 1 1 1 0.5 1 1 0.5 0.5 1 2 1 2 2 0.5 1 1 0.5
1 2 0.5 1 1 0.5 0.5 0.5 2 1 1 1 1 1 2 1 0.5 2
1 1 2 0.5 1 2 2 0 1 1 1 1 0.5 1 2 2 2 1
2 1 0.5 1 1 1 2 1 1 1 1 2 1 1 1 2 2 2
1 2 1 1 0.5 1 2 1 1 1 0.5 1 0.5 0.5 0.5 1 0 1
1 0.5 0.5 1 1 1 1 0.5 1 0 2 2 1 0.5 1 1 0.5 2
0.5 2 2 0.5 1 1 2 1 1 1 1 1 0.5 1 1 1 1 0.5
2 0.5 0.5 2 2 0.5 2 1 0.5 1 1 2 2 1 2 1 2 1
0.5 1 1 1 1 0.5 2 1 1 0.5 2 1 0.5 1 2 2 1 1
Nom: P.diddy
Type: Psychic
HP: 200
Attaques: [(50, 'Poison'), (50, 'Ground'), (50, 'Dark'), (50, 'Fighting'), (50, 'Steel'), (50, 'Electric'), (50, 'Fighting'), (50, 'Poison'), (50, 'Ground'), (50, 'Bug')]
Fitness: 0
