0.5 1 0.5 2 1 0 0 0.5 1 1 1 1 0 1 1 0.5 2 1
0 1 0.5 1 0 0.5 0.5 2 1 1 1 0.5 1 2 1 1 1 1
0 1 0.5 1 0.5 1 2 0.5 2 2 2 0.5 1 1 1 1 2 2
1 1 0 0.5 1 1 1 1 1 0.5 1 0.5 1 2 1 0.5 0.5 1
1 0.5 1 2 0.5 0.5 0.5 1 0.5 2 2 2 1 2 0.5 2 0.5 1
1 2 1 1 1 1 1 2 1 1 2 1 1 2 1 1 0.5 2
0 0.5 1 1 1 1 1 2 2 1 2 0.5 1 1 1 1 1 0.5
1 0 1 0.5 1 1 2 1 2 1 1 0.5 2 1 0.5 1 2 2
1 1 0.5 1 2 1 2 1 1 0.5 1 2 1 1 0.5 0.5 1 2
1 0.5 2 1 2 2 1 2 1 1 1 1 0.5 0.5 1 1 1 1
0.5 0 0.5 1 1 1 1 0.5 1 1 2 1 1 1 0.5 1 1 0.5
1 1 1 2 1 1 0.5 1 2 1 1 1 1 1 1 1 1 2
1 2 1 1 1 1 1 1 2 1 1 1 1 1 0.5 2 1 0.5
1 2 1 0.5 2 0.5 1 1 1 1 1 1 0.5 2 1 1 2 1
1 1 1 1 1 1 2 0.5 1 1 2 1 1 0.5 1 1 2 2
2 2 1 0.5 1 1 1 1 2 1 1 1 1 1 2 1 1 1
2 0.5 1 0.5 1 1 2 1 1 1 1 2 0 1 2 1 0.5 1
1 2 1 2 1 1 2 1 2 2 1 1 2 1 1 1 0.5 1
Nom: P.diddy
Type: Water
HP: 200
Attaques: [(50, 'Bug'), (50, 'Dragon'), (50, 'Fighting'), (50, 'Poison'), (50, 'Fighting'), (50, 'Normal'), (50, 'Fairy'), (50, 'Poison'), (50, 'Psychic'), (50, 'Fighting')]
Fitness: 0
