1 1 0.5 1 1 2 0.5 2 1 2 0.5 1 1 1 1 0.5 2 2
0.5 0.5 0.5 1 2 1 1 1 2 1 1 2 2 0.5 1 1 1 1
2 2 1 0.5 1 1 0.5 1 1 1 1 1 1 0.5 0.5 0.5 1 2
0.5 1 0.5 1 1 1 1 0.5 0 0.5 1 2 2 1 0.5 0.5 2 2
0.5 1 1 1 1 1 0.5 1 2 0.5 1 1 2 2 1 0.5 1 1
2 1 1 0 2 1 2 0.5 1 0.5 1 0 1 2 1 0.5 2 1
0.5 2 2 0.5 2 1 0.5 0.5 1 1 2 0.5 2 0.5 1 2 1 1
2 1 1 1 1 1 1 1 1 0.5 2 1 1 1 2 0.5 0.5 1
1 0.5 1 0.5 1 0.5 1 1 1 1 1 1 1 1 0.5 0.5 1 1
1 0.5 1 0.5 2 1 0.5 0.5 1 1 1 1 0 0.5 0.5 1 1 1
0.5 1 1 1 1 1 0 0.5 2 1 2 1 1 1 1 1 1 1
0.5 1 2 2 1 2 0.5 1 1 1 0 1 1 0.5 1 0.5 2 1
0.5 1 1 0.5 1 2 2 1 2 1 2 1 1 1 1 1 0.5 0.5
1 1 2 0.5 1 1 1 1 1 0 2 1 1 2 1 1 2 0.5
0.5 0.5 1 0.5 1 1 1 1 1 1 0.5 2 0.5 0.5 1 0 1 2
1 1 0.5 1 1 0.5 0.5 0.5 1 1 1 2 0.5 1 1 0.5 1 1
1 0.5 0.5 2 1 1 1 1 0.5 1 0.5 0.5 1 1 0.5 1 1 1
1 1 1 1 0.5 0.5 0.5 1 1 2 0.5 1 0.5 0.5 0.5 2 1 0.5
Nom: P.diddy
Type: Water
HP: 200
Attaques: [(50, 'Steel'), (50, 'Psychic'), (50, 'Fighting'), (50, 'Ice'), (50, 'Normal'), (50, 'Ground'), (50, 'Fire'), (50, 'Normal'), (50, 'Normal'), (50, 'Ground')]
Fitness: 0
