2 0.5 1 0.5 0.5 1 0.5 2 1 1 1 1 0 1 0.5 0.5 0.5 1
1 2 1 2 2 1 2 1 0.5 0 2 1 2 0.5 2 1 2 2
1 2 1 1 2 2 0.5 0.5 1 2 1 2 2 1 1 1 2 1
1 1 0.5 1 1 1 1 2 1 1 0.5 1 1 1 1 2 0.5 2
2 1 1 1 1 1 1 1 0.5 1 1 1 1 0.5 2 2 2 1
0 1 1 0.5 0.5 1 1 1 0.5 0.5 0.5 0.5 1 0 1 2 2 2
1 0.5 1 2 1 1 1 1 1 1 2 1 2 1 2 0.5 2 1
0.5 1 2 0.5 1 1 0 1 2 1 0.5 1 0.5 2 1 2 1 1
1 0.5 1 0 2 1 1 1 1 1 1 1 1 1 0 2 2 1
1 2 0.5 2 2 0.5 0.5 1 1 2 0.5 1 1 1 1 2 1 1
0.5 1 1 0 1 1 1 1 0.5 0.5 1 1 1 1 2 1 1 1
1 1 2 2 1 1 1 1 1 0.5 0.5 1 1 1 1 1 1 1
0.5 2 2 1 2 2 1 1 0.5 1 2 0.5 1 1 1 1 0 0.5
1 1 2 1 1 2 0.5 0 1 2 1 2 1 2 1 1 1 1
1 1 1 1 0.5 1 0.5 1 1 1 1 2 1 0.5 1 0.5 1 1
1 0.5 1 1 1 1 0.5 2 0.5 1 0.5 1 1 1 1 0.5 1 1
2 1 0.5 2 0.5 2 1 1 0.5 1 1 1 1 2 2 0.5 1 0.5
1 1 1 2 1 2 1 0.5 2 1 1 0.5 1 2 0.5 1 1 2
Nom: P.diddy
Type: Poison
HP: 200
Attaques: [(50, 'Rock'), (50, 'Dark'), (50, 'Ground'), (50, 'Normal'), (50, 'Dragon'), (50, 'Bug'), (50, 'Fighting'), (50, 'Fairy'), (50, 'Fighting'), (50, 'Ground')]
Fitness: 0
