2.0 1.0 2.0 1.0 2.0 1.0 0.5 1.0 1.0 1.0 1.0 2.0 1.0 1.0 1.0 1.0 0.0 1.0
1.0 1.0 2.0 2.0 2.0 1.0 2.0 1.0 0.5 1.0 1.0 0.5 1.0 1.0 1.0 0.5 1.0 2.0
1.0 1.0 0.5 1.0 1.0 1.0 1.0 1.0 1.0 1.0 1.0 1.0 2.0 0.5 0.5 2.0 1.0 2.0
1.0 2.0 0.5 1.0 0.5 0.5 1.0 1.0 1.0 1.0 1.0 0.5 1.0 1.0 0.5 0.5 1.0 1.0
2.0 1.0 1.0 0.5 1.0 2.0 1.0 2.0 0.5 1.0 2.0 2.0 1.0 1.0 0.5 1.0 1.0 0.5
1.0 2.0 2.0 0.5 1.0 1.0 1.0 0.5 0.5 1.0 1.0 1.0 1.0 1.0 1.0 1.0 1.0 0.5
0.5 1.0 2.0 0.5 1.0 2.0 1.0 2.0 1.0 1.0 1.0 1.0 1.0 1.0 1.0 0.5 0.5 1.0
0.5 2.0 0.5 1.0 1.0 1.0 0.5 2.0 2.0 1.0 2.0 0.5 1.0 1.0 2.0 0.5 1.0 1.0
1.0 1.0 1.0 1.0 1.0 1.0 0.5 1.0 1.0 0.5 0.5 1.0 1.0 0.5 0.5 2.0 1.0 0.5
0.5 2.0 1.0 1.0 2.0 1.0 0.5 0.5 1.0 1.0 2.0 1.0 1.0 1.0 1.0 0.5 0.5 0.5
0.5 0.5 1.0 2.0 1.0 1.0 2.0 2.0 1.0 1.0 1.0 1.0 2.0 1.0 1.0 1.0 2.0 1.0
1.0 2.0 0.5 2.0 1.0 1.0 0.5 1.0 1.0 2.0 1.0 2.0 2.0 1.0 1.0 1.0 0.5 2.0
1.0 2.0 1.0 0.5 1.0 1.0 1.0 0.5 1.0 0.5 1.0 0.5 2.0 0.5 0.5 1.0 1.0 0.5
1.0 1.0 0.5 2.0 2.0 1.0 1.0 1.0 1.0 1.0 0.5 1.0 1.0 1.0 0.5 2.0 1.0 2.0
2.0 2.0 1.0 1.0 0.5 0.5 1.0 0.5 1.0 1.0 2.0 1.0 2.0 1.0 1.0 1.0 1.0 0.0
1.0 1.0 1.0 1.0 1.0 1.0 1.0 1.0 1.0 1.0 1.0 1.0 0.5 1.0 1.0 1.0 2.0 1.0
2.0 1.0 2.0 1.0 1.0 0.5 1.0 2.0 2.0 1.0 1.0 1.0 1.0 1.0 1.0 1.0 1.0 2.0
1.0 1.0 0.5 1.0 1.0 0.5 2.0 1.0 1.0 1.0 0.0 1.0 1.0 0.5 1.0 1.0 1.0 1.0
Nom: Individu
Type: Dragon
HP: 200
Attaques: [(50, 'Dragon'), (50, 'Water'), (50, 'Rock'), (50, 'Rock')]
Fitness: -1150.0
