2 1 1 0 2 1 1 1 2 2 1 1 1 1 1 0.5 1 2
2 1 1 1 1 0.5 1 2 2 1 1 2 1 1 1 1 1 0.5
0.5 1 1 1 0.5 1 2 1 2 1 1 1 0.5 2 1 2 0 2
1 1 0.5 1 1 2 1 1 1 2 1 1 0.5 1 2 1 1 1
2 0.5 2 1 1 1 2 0.5 1 1 0.5 1 1 2 1 1 1 2
2 0.5 1 0.5 0.5 2 1 2 2 1 1 0.5 0.5 1 0.5 0.5 1 2
1 0.5 1 1 1 2 1 1 1 1 2 1 1 1 1 1 1 1
0.5 1 1 1 2 1 1 1 2 1 2 2 2 1 1 0.5 0.5 0.5
0.5 1 1 1 2 1 2 0.5 1 0.5 2 1 2 0.5 1 1 0.5 1
1 1 1 1 1 1 2 2 1 0 0.5 2 1 2 1 0.5 2 0
2 1 0.5 1 1 0.5 0.5 1 1 0.5 1 0.5 1 1 2 1 2 1
1 0.5 0.5 0.5 1 0.5 1 1 1 0.5 2 2 1 1 1 0.5 1 1
1 1 0.5 1 0.5 1 1 0.5 1 1 0.5 0.5 1 1 1 1 1 1
2 2 1 1 1 1 0.5 2 2 1 0.5 2 1 1 0.5 1 2 1
2 1 1 1 1 2 1 1 0.5 0.5 1 1 2 1 1 0.5 1 1
1 1 2 1 1 0.5 0.5 1 1 1 1 1 1 0.5 1 1 1 0
0.5 0.5 2 2 0.5 1 1 0.5 2 1 2 2 2 1 1 1 2 1
2 0 1 1 1 1 0.5 1 0.5 2 1 2 1 2 1 2 2 2
Nom: P.diddy
Type: Flying
HP: 200
Attaques: [(50, 'Fairy'), (50, 'Ice'), (50, 'Electric'), (50, 'Ice'), (50, 'Dark'), (50, 'Poison'), (50, 'Bug'), (50, 'Psychic'), (50, 'Ice'), (50, 'Dark')]
Fitness: 0
