2 2 1 1 1 1 1 1 1 0.5 1 2 1 1 1 0.5 1 1
1 1 1 1 1 1 1 2 1 2 0.5 1 1 1 1 1 1 1
0.5 2 1 2 1 1 1 1 1 1 1 1 1 0 2 2 2 0.5
1 1 0.5 1 1 2 0.5 1 1 1 2 0.5 1 1 2 1 2 1
1 1 1 1 1 2 0.5 1 1 1 2 2 0.5 2 1 1 1 0.5
0.5 2 1 1 1 1 1 0.5 1 2 0 1 1 2 1 1 2 2
2 2 2 0.5 2 1 1 1 0.5 0.5 1 2 1 1 1 2 0.5 0.5
0.5 0.5 1 0.5 0.5 1 1 1 0 0.5 0.5 1 1 2 1 1 1 2
1 1 0.5 1 2 2 1 1 2 2 1 1 2 1 1 1 0.5 0.5
0.5 1 1 1 1 0.5 2 0.5 1 2 1 1 1 2 1 1 0 0.5
1 2 1 2 0.5 0.5 2 0.5 1 2 0 1 1 1 1 2 0.5 2
0.5 1 1 1 0.5 1 0.5 1 1 0.5 2 1 2 0.5 1 1 1 0.5
1 0.5 1 0.5 2 0.5 1 1 0.5 1 2 1 1 1 2 0.5 1 1
2 0.5 1 2 0 1 2 1 2 2 0.5 0.5 2 0.5 1 1 2 0.5
1 0 2 1 2 2 1 0.5 1 1 1 1 2 0.5 1 1 1 1
1 1 1 0.5 1 2 0.5 1 0.5 0.5 2 1 1 2 0.5 1 2 1
1 1 1 1 1 0.5 1 1 1 1 0 1 2 1 2 1 1 1
2 2 2 0.5 1 1 1 1 1 1 1 0.5 0.5 1 2 1 0.5 0.5
Nom: P.diddy
Type: Ground
HP: 200
Attaques: [(50, 'Steel'), (50, 'Normal'), (50, 'Psychic'), (50, 'Fairy'), (50, 'Water'), (50, 'Flying'), (50, 'Rock'), (50, 'Ground'), (50, 'Water'), (50, 'Fighting')]
Fitness: 0
