1 2 1 2 1 2 1 0.5 2 0.5 1 0.5 2 1 2 1 1 1
1 0.5 1 1 1 1 1 1 1 1 2 2 2 1 1 1 1 2
0.5 1 2 2 1 1 1 1 1 1 0.5 2 1 0.5 1 1 1 1
1 1 1 1 1 2 1 2 1 1 1 1 1 1 1 0 0.5 1
2 0.5 1 1 1 1 1 1 0.5 1 1 2 1 2 1 1 1 0.5
1 1 2 1 1 1 1 0.5 1 0.5 2 0.5 0.5 0.5 2 2 1 1
1 2 2 1 2 2 2 1 1 1 2 1 0.5 2 1 1 0.5 1
1 1 0.5 1 1 1 2 2 1 1 2 1 0.5 1 0.5 1 1 1
1 1 1 0 1 0.5 1 1 0.5 0.5 2 1 1 1 1 0.5 1 1
2 1 1 2 1 0.5 0.5 1 1 1 2 1 0.5 0.5 1 1 1 1
0.5 0.5 1 1 2 2 1 1 1 2 1 2 1 1 1 2 1 1
1 2 2 0.5 2 0 0.5 0.5 2 2 1 2 1 1 1 2 1 1
2 0.5 1 2 1 2 0.5 1 1 1 2 1 2 0.5 1 0.5 1 1
0.5 2 1 1 0.5 2 1 2 1 1 0.5 1 1 1 1 0.5 0.5 1
1 1 2 1 1 1 1 1 2 1 1 2 1 1 0.5 1 0.5 0.5
1 1 0.5 1 0.5 0.5 1 2 1 0.5 1 2 2 2 1 1 1 0.5
1 1 1 0.5 0.5 1 1 2 0.5 1 2 1 0.5 1 1 0.5 2 2
1 0.5 1 1 0.5 0.5 1 1 1 2 1 1 2 1 2 0 1 0
Nom: P.diddy
Type: Poison
HP: 200
Attaques: [(50, 'Ground'), (50, 'Ghost'), (50, 'Flying'), (50, 'Electric'), (50, 'Fairy'), (50, 'Dragon'), (50, 'Normal'), (50, 'Bug'), (50, 'Normal'), (50, 'Ground')]
Fitness: 0
