1 0.5 1 0.5 1 1 0.5 2 0.5 1 1 0.5 1 1 1 1 1 0.5
1 1 1 2 1 0.5 0.5 2 1 1 0.5 1 0.5 1 0.5 1 0.5 1
1 1 1 1 1 1 1 2 0.5 0.5 1 1 1 0.5 0.5 1 1 1
1 0.5 1 0.5 1 0.5 1 1 0.5 1 1 1 1 1 1 2 1 1
0.5 1 1 2 0.5 2 0 0.5 0.5 0.5 1 1 0.5 1 0.5 1 1 2
2 1 1 0.5 0.5 0.5 1 1 2 1 2 1 2 1 1 1 0.5 0.5
1 2 1 1 2 2 0.5 2 2 1 1 1 2 2 1 2 1 1
1 2 2 1 1 0.5 1 1 1 2 1 0.5 2 1 0.5 0.5 0.5 1
2 1 1 0.5 2 1 2 2 0.5 1 2 1 2 2 1 2 1 0
0.5 1 1 1 1 1 1 1 1 1 0.5 1 1 1 0.5 0.5 0.5 2
1 1 2 2 0.5 1 2 1 2 0.5 1 1 1 2 1 1 1 1
1 1 1 1 1 0.5 0.5 0.5 2 1 0 2 2 1 1 1 1 1
1 1 0.5 2 1 0.5 1 0.5 0.5 2 0.5 0.5 1 1 0.5 1 1 0.5
1 1 1 0.5 2 0 1 1 1 1 1 1 0.5 0.5 1 0.5 1 1
2 2 1 1 2 2 1 1 1 2 1 1 1 1 0.5 1 1 1
2 1 1 1 0 2 1 1 0.5 0.5 0.5 1 1 1 1 2 1 1
1 0.5 1 0 0.5 0.5 2 1 2 0.5 1 1 0.5 1 1 0.5 1 1
2 2 0.5 1 0 2 0.5 1 2 0 2 2 1 1 1 1 1 2
Nom: P.diddy
Type: Normal
HP: 200
Attaques: [(50, 'Fairy'), (50, 'Rock'), (50, 'Dragon'), (50, 'Steel'), (50, 'Ice'), (50, 'Steel'), (50, 'Ghost'), (50, 'Bug'), (50, 'Steel'), (50, 'Psychic')]
Fitness: 0
