0.5 1 2 1 2 1 1 1 0.5 1 2 0.5 0.5 1 0.5 0.5 1 1
1 1 0.5 1 0.5 0 1 1 0.5 1 0.5 1 1 0.5 2 1 0.5 1
2 1 0.5 2 0.5 2 0 1 1 1 1 0.5 1 1 1 1 1 0.5
0 1 1 1 1 1 1 0.5 2 1 1 1 0.5 2 2 0.5 1 1
1 2 0.5 2 1 1 1 2 1 0.5 1 1 0.5 2 1 2 1 0.5
1 1 2 1 0.5 0.5 1 1 1 1 2 1 2 2 1 1 1 0.5
1 0.5 1 1 0.5 1 1 0.5 0.5 0.5 1 2 2 1 0 1 1 0.5
1 1 1 0.5 1 1 1 1 0.5 0.5 0.5 2 1 2 1 1 0.5 1
0.5 1 0.5 0.5 0 2 0.5 0.5 1 0.5 2 0.5 1 0.5 0.5 2 1 1
0.5 0.5 1 1 1 2 2 1 1 1 0.5 0.5 1 1 0.5 0 1 2
0 1 0.5 1 1 1 1 1 0.5 0.5 2 1 1 0.5 0.5 1 1 1
1 1 0.5 0.5 1 0.5 2 2 2 1 0.5 0.5 1 2 0.5 2 1 0.5
1 2 0.5 0.5 1 0.5 0.5 1 1 2 1 0.5 2 1 1 2 1 1
1 1 1 1 0.5 2 1 1 1 1 1 1 1 1 0.5 1 1 2
1 1 1 0.5 1 1 0.5 1 1 1 1 1 0.5 2 2 1 1 1
1 1 1 2 2 2 0.5 2 2 1 1 1 1 1 1 1 2 2
1 0.5 1 0.5 1 1 2 2 0.5 1 2 1 1 1 1 0.5 1 0.5
1 1 1 2 0.5 1 1 2 0.5 2 2 0.5 0 1 0.5 1 0.5 1
Nom: P.diddy
Type: Psychic
HP: 200
Attaques: [(50, 'Ice'), (50, 'Normal'), (50, 'Ghost'), (50, 'Psychic'), (50, 'Ice'), (50, 'Poison'), (50, 'Steel'), (50, 'Fire'), (50, 'Rock'), (50, 'Water')]
Fitness: 0
