1 2 0.5 2 1 1 1 1 2 0.5 1 2 1 1 0.5 2 1 1
0.5 1 1 1 1 1 1 0.5 0.5 0.5 1 1 1 0.5 0.5 2 0.5 1
1 0.5 2 0.5 1 2 2 1 1 1 1 2 1 0.5 1 2 0.5 2
1 1 0.5 1 2 0.5 2 1 0 1 1 1 1 0.5 0.5 1 2 2
0.5 2 0.5 1 0 1 2 0.5 1 2 2 0.5 0.5 0.5 1 1 0.5 1
1 1 2 1 1 1 0.5 1 1 0.5 1 2 2 0.5 0.5 0.5 2 1
2 1 1 0.5 1 0.5 0.5 1 2 0.5 0.5 2 1 1 1 1 2 2
1 1 1 1 1 0.5 1 1 1 1 0 1 1 1 1 1 1 1
0.5 2 1 1 1 1 0.5 2 0.5 0.5 1 1 1 1 1 1 1 2
0.5 0.5 0.5 0.5 1 1 1 2 1 1 0.5 1 1 1 2 2 1 1
2 1 1 2 1 1 1 0 1 0.5 2 0.5 0.5 1 0.5 1 1 1
1 1 2 1 1 2 1 2 1 2 1 1 1 0.5 2 1 0 0.5
0.5 0.5 2 1 0.5 1 1 1 1 1 1 0.5 2 2 1 1 1 1
1 2 0.5 1 1 1 1 2 1 1 1 1 0.5 1 1 0.5 1 0.5
1 1 0.5 1 1 2 1 1 1 1 0.5 1 0.5 0.5 0.5 1 1 0.5
1 1 1 1 2 1 0.5 1 1 1 1 0.5 2 1 0.5 1 0.5 2
0.5 1 2 1 0.5 2 1 1 2 0.5 1 0.5 0.5 1 1 0.5 1 1
1 0.5 2 1 2 1 0.5 0.5 2 0.5 0.5 2 1 0.5 1 1 1 1
Nom: P.diddy
Type: Fighting
HP: 200
Attaques: [(50, 'Ice'), (50, 'Fairy'), (50, 'Water'), (50, 'Normal'), (50, 'Flying'), (50, 'Fire'), (50, 'Normal'), (50, 'Psychic'), (50, 'Ghost'), (50, 'Bug')]
Fitness: 0
