2 0.5 1 1 2 1 1 1 1 1 0.5 1 1 2 1 1 2 1
1 1 2 0.5 1 1 1 1 1 1 0.5 1 0.5 1 2 1 2 0.5
1 0.5 1 1 2 2 0 1 0.5 2 2 0.5 0.5 2 2 0.5 2 1
1 1 2 0.5 1 1 1 0.5 1 1 0.5 1 2 2 0.5 0.5 2 1
2 0.5 1 2 0.5 2 1 0.5 1 1 1 0.5 2 1 0 1 2 1
2 0.5 2 1 0 2 1 1 2 1 1 1 1 1 0.5 1 1 0.5
2 0.5 0.5 0.5 1 2 2 0.5 2 2 1 1 2 0.5 1 1 1 0.5
1 0.5 0.5 1 1 1 1 2 1 0.5 0.5 2 1 1 0.5 1 0.5 1
1 0.5 1 1 2 1 1 1 1 1 1 1 1 1 0.5 1 1 2
1 0.5 2 0.5 0.5 1 0 0.5 0.5 1 1 0.5 0 0.5 2 0.5 1 0
2 1 1 1 1 1 2 0.5 0.5 1 0.5 1 1 1 1 2 0.5 2
1 0.5 1 1 1 1 2 2 1 1 1 0.5 1 0.5 1 2 0.5 0.5
1 1 2 1 0 0.5 0.5 0.5 2 1 1 1 2 1 0.5 1 1 2
1 1 1 1 2 1 0.5 2 1 1 1 1 2 2 1 1 1 2
1 1 0.5 0 0.5 2 1 1 1 1 1 1 1 0.5 1 1 1 1
1 2 2 0.5 1 1 1 2 1 1 1 0.5 0.5 0.5 1 2 1 1
2 1 1 1 1 1 1 1 1 0.5 0.5 0.5 0.5 1 0.5 1 1 1
1 0.5 1 1 1 0.5 1 2 2 1 1 1 1 1 1 1 2 1
Nom: P.diddy
Type: Fire
HP: 200
Attaques: [(50, 'Fairy'), (50, 'Normal'), (50, 'Grass'), (50, 'Normal'), (50, 'Water'), (50, 'Grass'), (50, 'Water'), (50, 'Ice'), (50, 'Electric'), (50, 'Rock')]
Fitness: 0
