1 1 1 1 1 1 0 1 1 0.5 1 0.5 1 0.5 1 0.5 1 0.5
1 1 2 0.5 1 1 1 1 2 1 2 2 1 1 1 2 0.5 1
1 1 0.5 0.5 0 1 2 1 0.5 0.5 0.5 1 1 1 1 1 1 0.5
1 1 2 1 1 1 0.5 2 0 1 2 1 1 1 2 1 0 1
1 1 1 0 1 0.5 1 1 1 2 0.5 2 0.5 1 1 1 1 0.5
0 2 0.5 1 1 0.5 1 1 2 1 0.5 0.5 1 1 1 2 1 0
0.5 1 1 2 1 1 2 2 1 2 2 1 1 1 1 1 0.5 0.5
1 2 0.5 0.5 1 1 1 2 1 1 2 1 2 0.5 0.5 1 0.5 1
1 0.5 1 1 0.5 1 1 1 0.5 2 1 0.5 2 2 0.5 0.5 1 1
1 1 1 2 2 2 2 2 1 1 1 2 0.5 1 2 1 0.5 2
2 0.5 1 1 1 1 2 1 2 2 1 1 2 2 1 1 2 1
1 1 2 1 1 2 1 1 1 2 1 1 1 1 1 1 0.5 1
1 0.5 1 1 2 0 0.5 1 1 1 1 1 0.5 1 2 1 1 1
1 1 1 2 2 0.5 2 1 1 1 0.5 1 1 1 1 0.5 1 1
1 1 1 1 0.5 1 1 1 1 1 2 1 2 0.5 1 1 0.5 1
1 2 1 1 0.5 2 1 1 1 1 1 0.5 1 2 1 1 0.5 0.5
1 0.5 0.5 2 2 0.5 0.5 1 0.5 1 1 1 1 1 2 1 0.5 1
1 0.5 0 0.5 1 1 1 2 2 1 0.5 1 1 0.5 1 1 1 0.5
Nom: P.diddy
Type: Fire
HP: 200
Attaques: [(50, 'Ice'), (50, 'Electric'), (50, 'Fire'), (50, 'Fire'), (50, 'Rock'), (50, 'Rock'), (50, 'Grass'), (50, 'Fairy'), (50, 'Bug'), (50, 'Steel')]
Fitness: 0
