1 2 1 1 2 0.5 0.5 1 0.5 1 2 1 1 1 1 1 0.5 0.5
1 2 1 0.5 2 2 0.5 2 1 1 1 1 1 0.5 2 0.5 0.5 1
2 0.5 2 0.5 1 1 2 2 0.5 0.5 2 0 0.5 2 1 1 1 0.5
1 0.5 1 0.5 0.5 1 1 1 0.5 2 1 0.5 2 1 1 1 1 0.5
1 1 0.5 1 1 2 0.5 1 2 1 0.5 1 1 1 2 1 1 1
0.5 0.5 2 1 2 2 1 1 1 0.5 1 1 0.5 1 0.5 2 2 0.5
1 1 2 2 1 2 1 0.5 2 1 2 1 2 1 2 2 1 0.5
0.5 1 2 0.5 1 1 0.5 2 1 1 0 1 1 1 2 2 2 1
0.5 1 2 1 0.5 0.5 0.5 1 2 2 1 1 2 1 1 0.5 1 0.5
1 2 1 0.5 2 1 0.5 1 0.5 1 1 1 1 0.5 0.5 1 1 1
1 0 1 1 1 2 1 1 1 1 1 1 2 1 1 0.5 2 1
2 1 0 0.5 2 0.5 2 1 1 1 0.5 1 2 1 1 0.5 1 1
1 1 0.5 0.5 1 2 1 1 1 1 0 2 1 0.5 2 0.5 0 1
1 2 0.5 2 0.5 1 2 0.5 1 1 1 1 1 1 1 1 0.5 1
1 1 1 1 1 1 2 1 0.5 1 1 1 1 1 1 0.5 2 0.5
2 1 1 1 0.5 1 2 0.5 0.5 1 0.5 1 0.5 1 1 1 1 2
0.5 1 0.5 0.5 1 0 0.5 1 1 1 0.5 1 1 1 2 1 1 0.5
1 1 1 0.5 2 2 0.5 2 1 1 1 2 1 1 0.5 1 1 1
Nom: P.diddy
Type: Grass
HP: 200
Attaques: [(50, 'Ghost'), (50, 'Fighting'), (50, 'Dragon'), (50, 'Steel'), (50, 'Electric'), (50, 'Fighting'), (50, 'Flying'), (50, 'Normal'), (50, 'Fire'), (50, 'Water')]
Fitness: 0
