1 1 1 0.5 2 1 0.5 0.5 1 0.5 1 1 1 2 0.5 1 1 0.5
2 2 1 1 0.5 1 0.5 0.5 2 0.5 1 1 0.5 1 0 1 2 1
1 1 0.5 1 1 0.5 1 2 2 1 1 1 1 1 0.5 0.5 1 1
0.5 0.5 1 2 0.5 1 1 1 1 1 1 2 1 0.5 0.5 1 1 1
2 1 1 1 1 1 2 0.5 1 2 0.5 0.5 0 0.5 1 1 1 2
0.5 1 2 1 0.5 1 2 2 0.5 1 1 1 1 1 1 1 2 1
2 1 1 1 1 0.5 1 1 1 0.5 1 2 2 0.5 0.5 1 1 1
1 1 1 0.5 1 0.5 1 2 1 1 1 1 1 2 2 1 2 1
1 1 2 1 1 1 2 1 1 1 1 0.5 0.5 1 0 1 1 1
2 0 1 2 1 1 1 1 1 2 0.5 1 1 0.5 1 1 2 0.5
1 0.5 0.5 1 2 1 1 0.5 2 1 1 1 1 1 2 1 2 0.5
2 2 1 0.5 1 2 1 2 1 0.5 1 1 1 1 0 1 1 1
1 1 1 1 0.5 0.5 1 1 2 1 0.5 1 0.5 1 1 1 1 1
1 1 2 1 1 1 1 1 0.5 0.5 1 2 1 0.5 1 1 1 0.5
1 2 1 1 2 0.5 0.5 1 2 1 1 1 1 2 1 2 2 2
1 1 1 0.5 0.5 1 0.5 1 0.5 1 1 0.5 1 2 0.5 2 0.5 1
0.5 1 1 1 1 0.5 1 0 0.5 1 1 0.5 1 2 1 1 1 1
1 0.5 1 2 0.5 2 2 1 1 2 1 1 2 0.5 1 0.5 1 1
Nom: P.Diddy
Type: Water
HP: 200
Attaques: [(50, 'Electric'), (50, 'Water'), (50, 'Ice'), (50, 'Fire')]
Fitness: 0
