1 0.5 1 0.5 0.5 1 2 0.5 1 1 0.5 0 2 1 1 0.5 0.5 0.5
1 0.5 1 0.5 1 1 1 2 2 2 1 0.5 2 2 2 2 2 1
1 2 2 2 1 1 1 0.5 2 1 1 1 1 1 0.5 2 2 1
1 2 1 1 1 0.5 1 1 2 1 1 2 2 2 0.5 2 0.5 1
1 1 1 1 2 2 0.5 0.5 1 2 2 1 2 1 1 1 1 0.5
2 1 1 1 1 1 2 1 1 1 2 0.5 2 1 1 1 1 2
2 1 1 1 1 1 1 0.5 0.5 1 0.5 0 1 1 2 1 1 2
1 1 1 2 1 1 2 1 1 0.5 0.5 1 0.5 1 1 2 1 2
1 1 0.5 1 2 2 1 1 1 1 1 1 0.5 1 0.5 0.5 0.5 0.5
1 0.5 1 1 1 1 2 2 1 1 2 1 2 1 1 1 2 2
2 1 2 0.5 1 1 1 1 2 1 2 1 2 1 1 2 0 2
1 0.5 1 2 1 1 1 1 1 2 2 1 1 1 0.5 1 0.5 1
0.5 1 1 1 1 1 1 2 1 2 1 2 2 1 0.5 0.5 1 0.5
1 0.5 1 0.5 2 2 1 2 0.5 0.5 1 1 1 1 1 1 2 1
1 2 2 0.5 2 1 1 0.5 2 1 1 1 1 1 2 2 1 1
0.5 2 1 1 1 1 1 2 1 0.5 1 2 1 1 1 0.5 1 1
1 1 1 2 1 1 1 2 1 0.5 0.5 0.5 1 2 2 2 1 1
1 1 1 2 1 1 2 1 1 1 1 2 2 1 1 1 1 1
Nom: P.diddy
Type: Dark
HP: 200
Attaques: [(50, 'Bug'), (50, 'Normal'), (50, 'Normal'), (50, 'Grass'), (50, 'Poison'), (50, 'Rock'), (50, 'Fire'), (50, 'Fairy'), (50, 'Normal'), (50, 'Psychic')]
Fitness: 0
