2 2 0.5 0.5 0.5 0.5 1 1 1 1 1 1 1 2 0.5 2 0 2
1 2 1 0 1 1 1 1 1 1 1 2 1 2 1 2 1 1
1 1 1 0.5 2 2 2 1 1 2 0.5 0.5 1 0.5 1 0.5 1 1
1 1 1 1 0.5 1 1 1 1 1 2 0.5 2 1 1 1 1 1
1 0.5 1 1 1 1 1 2 2 1 1 2 1 2 0.5 2 0.5 0.5
1 0.5 1 0 0.5 1 2 2 1 1 1 0.5 2 1 0.5 1 2 2
2 0.5 0.5 1 2 1 1 1 0.5 2 1 1 0.5 0.5 1 0.5 0 0.5
1 1 2 0.5 1 1 1 0.5 1 1 2 0.5 0.5 0.5 2 1 1 1
1 2 2 0.5 0.5 0.5 0.5 2 1 1 1 1 1 1 2 1 0.5 1
1 2 2 0.5 1 1 0.5 0.5 1 1 2 1 2 0 2 1 2 1
1 0.5 0.5 1 0.5 1 1 1 1 2 1 0.5 1 1 1 0.5 0.5 2
1 2 1 1 1 1 1 0.5 1 1 1 2 1 1 1 0.5 0 2
0.5 2 2 1 0.5 2 2 0.5 1 2 0 0.5 1 1 1 2 1 1
0.5 1 2 0.5 1 0.5 0.5 0.5 1 0.5 1 1 2 1 1 0.5 1 1
1 1 2 1 1 1 2 1 2 1 1 0 1 0.5 1 1 1 1
1 1 1 0.5 1 1 0.5 1 0.5 1 0.5 1 1 2 1 1 2 2
1 1 1 1 1 0.5 1 2 2 1 0.5 1 0.5 0 1 1 0.5 1
1 0.5 1 2 1 0 0.5 0.5 1 0.5 1 0.5 2 2 1 1 2 2
Nom: P.Diddy
Type: Ghost
HP: 200
Attaques: [(50, 'Rock'), (50, 'Ghost'), (50, 'Ground'), (50, 'Ice')]
Fitness: 0
