2 0.5 1 1 1 2 1 1 1 1 1 1 2 1 0.5 2 1 0.5
1 0.5 1 1 1 0.5 0.5 1 1 1 1 2 1 1 1 1 0.5 1
1 2 1 1 1 1 1 0 1 2 1 1 2 1 1 1 1 0.5
0.5 1 0.5 0.5 1 0.5 1 2 2 1 1 2 1 1 0 1 0.5 1
2 2 0.5 2 1 0.5 2 0.5 0.5 0.5 2 1 2 1 2 1 1 0.5
1 1 2 1 1 2 1 2 2 0.5 1 2 1 1 1 2 1 1
1 1 1 1 1 1 1 1 1 1 1 1 1 0.5 2 1 2 1
1 2 0.5 1 2 2 1 0.5 0.5 2 1 1 1 2 2 1 1 2
2 1 1 2 2 0.5 0.5 1 1 1 0.5 2 2 1 0.5 0.5 1 0.5
0.5 2 2 1 1 2 2 1 0.5 1 1 0.5 1 1 1 0.5 1 1
0.5 0.5 1 1 1 1 1 1 1 1 1 0.5 1 0.5 0.5 0.5 1 0.5
0.5 1 1 1 1 1 1 1 1 1 1 1 0.5 1 2 1 1 2
0 1 1 1 2 1 0.5 0.5 2 2 0.5 1 2 1 1 1 1 1
1 0.5 1 0.5 1 0.5 2 1 1 1 0.5 2 1 1 0.5 1 1 1
1 0.5 1 1 2 2 1 1 1 0.5 1 1 1 1 1 1 1 1
2 1 2 1 0.5 0.5 2 0.5 1 1 1 0.5 1 0.5 1 2 1 0.5
1 0.5 1 2 0.5 0.5 1 1 1 1 1 1 1 1 0.5 1 1 2
1 0.5 0.5 2 1 2 1 0.5 2 1 1 1 0.5 0 1 2 2 2
Nom: P.diddy
Type: Rock
HP: 200
Attaques: [(50, 'Electric'), (50, 'Bug'), (50, 'Flying'), (50, 'Electric'), (50, 'Dragon'), (50, 'Psychic'), (50, 'Electric'), (50, 'Ice'), (50, 'Dark'), (50, 'Steel')]
Fitness: 0
