1 1 0 1 1 1 2 2 1 1 1 2 1 2 1 2 2 1
1 2 1 2 1 1 0.5 1 1 2 1 2 0.5 2 1 0.5 1 2
1 1 1 1 2 0.5 1 1 2 1 1 1 1 1 1 2 1 1
1 1 0.5 1 2 1 1 2 1 1 1 2 2 2 2 1 1 2
1 2 0.5 1 2 1 2 1 0.5 1 1 1 2 0.5 1 1 1 1
0.5 1 1 0.5 1 2 1 1 1 1 1 1 0.5 0.5 0.5 0.5 1 2
1 0.5 1 0.5 1 1 2 2 2 1 2 1 1 1 1 2 1 1
0.5 1 1 1 1 0.5 1 1 1 1 1 1 1 0 0.5 1 2 2
2 1 1 1 1 1 2 0.5 2 1 0.5 1 1 0.5 1 1 1 1
1 2 2 0.5 0.5 1 1 0.5 0.5 0.5 0.5 2 1 0.5 0.5 1 1 2
1 1 1 0.5 1 0.5 2 1 1 0.5 1 2 1 1 0.5 1 0.5 2
0.5 1 1 1 1 1 1 1 1 0 0.5 2 0 2 1 2 1 1
2 0.5 1 1 0.5 1 1 1 1 1 1 1 2 1 0.5 2 0.5 0.5
2 0.5 1 1 1 0.5 1 0.5 1 2 0.5 1 1 1 1 0.5 2 0.5
2 0.5 0.5 1 1 0.5 2 1 1 1 0.5 1 2 1 0.5 2 0.5 2
1 1 2 1 1 1 2 1 1 1 0 1 1 0.5 1 1 1 1
0.5 0.5 2 2 1 2 0.5 1 1 2 1 1 2 1 2 1 0.5 2
2 1 1 0.5 0.5 1 1 1 1 1 2 1 0.5 0 2 1 1 2
Nom: P.diddy
Type: Psychic
HP: 200
Attaques: [(50, 'Fighting'), (50, 'Ghost'), (50, 'Psychic'), (50, 'Fire'), (50, 'Bug'), (50, 'Ghost'), (50, 'Ice'), (50, 'Fairy'), (50, 'Fire'), (50, 'Bug')]
Fitness: 0
