1.0 1.0 0.5 1.0 2.0 1.0 1.0 0.5 2.0 1.0 1.0 2.0 1.0 1.0 0.5 1.0 1.0 1.0
1.0 1.0 1.0 1.0 0.5 0.5 1.0 2.0 1.0 1.0 1.0 1.0 0.5 1.0 1.0 1.0 1.0 2.0
1.0 2.0 2.0 1.0 0.5 1.0 1.0 1.0 1.0 1.0 1.0 0.5 1.0 1.0 2.0 1.0 0.5 2.0
1.0 0.5 1.0 1.0 2.0 0.5 1.0 0.5 0.5 1.0 1.0 0.5 1.0 2.0 1.0 1.0 0.5 2.0
1.0 0.5 0.5 0.5 2.0 1.0 1.0 2.0 1.0 2.0 0.5 1.0 1.0 1.0 2.0 1.0 2.0 0.5
0.5 1.0 1.0 1.0 2.0 1.0 2.0 1.0 0.5 2.0 1.0 0.5 1.0 1.0 1.0 2.0 1.0 1.0
1.0 2.0 0.5 2.0 1.0 1.0 2.0 0.5 0.5 2.0 1.0 2.0 0.5 0.5 0.5 0.0 1.0 0.0
0.5 0.0 1.0 2.0 1.0 2.0 0.5 1.0 1.0 1.0 1.0 1.0 1.0 1.0 0.5 1.0 1.0 1.0
0.5 0.5 1.0 1.0 0.5 1.0 1.0 2.0 0.0 1.0 1.0 2.0 2.0 1.0 1.0 2.0 1.0 2.0
0.5 0.0 1.0 1.0 1.0 1.0 1.0 1.0 1.0 1.0 0.5 0.0 1.0 1.0 1.0 0.5 1.0 1.0
1.0 1.0 1.0 2.0 2.0 2.0 2.0 2.0 1.0 0.5 2.0 1.0 1.0 1.0 1.0 0.0 1.0 2.0
0.5 1.0 1.0 1.0 1.0 0.0 0.5 0.5 1.0 1.0 2.0 1.0 1.0 1.0 2.0 1.0 1.0 1.0
2.0 2.0 1.0 1.0 1.0 2.0 1.0 1.0 0.5 1.0 1.0 0.5 0.0 1.0 1.0 2.0 0.5 0.5
1.0 2.0 1.0 1.0 1.0 0.5 0.5 2.0 1.0 0.5 0.5 0.5 0.5 0.5 1.0 1.0 2.0 2.0
1.0 2.0 1.0 0.5 0.5 1.0 1.0 1.0 1.0 1.0 0.5 0.5 1.0 1.0 1.0 0.5 1.0 2.0
1.0 2.0 1.0 1.0 1.0 0.5 1.0 2.0 1.0 1.0 1.0 1.0 0.5 2.0 1.0 0.5 1.0 1.0
2.0 1.0 1.0 1.0 2.0 1.0 1.0 2.0 1.0 1.0 1.0 1.0 0.5 1.0 1.0 1.0 2.0 1.0
2.0 1.0 0.5 1.0 1.0 1.0 2.0 0.5 1.0 0.5 1.0 1.0 2.0 1.0 1.0 1.0 0.5 1.0
Nom: Individu
Type: Ground
HP: 200
Attaques: [(50, 'Poison'), (50, 'Flying'), (50, 'Fairy'), (50, 'Normal')]
Fitness: -1635.0
