1.0 1.0 1.0 1.0 1.0 1.0 1.0 1.0 0.5 0.5 0.0 0.5 0.5 1.0 1.0 1.0 2.0 1.0
1.0 1.0 1.0 0.0 1.0 0.5 1.0 1.0 0.5 1.0 1.0 1.0 2.0 0.5 1.0 1.0 1.0 1.0
0.5 1.0 1.0 1.0 1.0 0.5 1.0 0.5 1.0 1.0 1.0 0.5 1.0 2.0 0.5 1.0 1.0 0.5
2.0 1.0 2.0 1.0 1.0 1.0 2.0 1.0 1.0 0.5 2.0 2.0 1.0 0.5 1.0 1.0 1.0 1.0
0.5 2.0 1.0 0.5 1.0 0.5 1.0 1.0 2.0 1.0 0.5 2.0 1.0 1.0 1.0 2.0 0.0 1.0
0.5 2.0 0.5 2.0 2.0 1.0 0.5 1.0 1.0 1.0 1.0 1.0 0.5 1.0 1.0 1.0 2.0 0.0
1.0 2.0 1.0 1.0 1.0 2.0 0.5 2.0 0.5 2.0 1.0 2.0 1.0 1.0 0.5 1.0 0.0 1.0
0.5 2.0 1.0 1.0 1.0 1.0 1.0 1.0 1.0 1.0 2.0 1.0 0.5 2.0 1.0 0.5 1.0 2.0
1.0 1.0 1.0 1.0 1.0 2.0 1.0 1.0 0.0 1.0 1.0 1.0 2.0 1.0 2.0 1.0 2.0 2.0
0.5 1.0 0.5 2.0 0.5 1.0 1.0 1.0 1.0 1.0 1.0 2.0 1.0 1.0 1.0 0.5 1.0 2.0
0.5 1.0 2.0 1.0 1.0 1.0 1.0 1.0 2.0 1.0 1.0 2.0 1.0 0.5 0.0 0.5 1.0 1.0
2.0 2.0 1.0 1.0 2.0 2.0 2.0 1.0 0.5 0.5 1.0 0.5 0.5 1.0 1.0 1.0 2.0 2.0
1.0 1.0 1.0 0.0 1.0 1.0 2.0 2.0 1.0 1.0 1.0 1.0 1.0 1.0 0.5 1.0 1.0 2.0
0.5 1.0 2.0 1.0 1.0 0.5 1.0 2.0 0.5 1.0 2.0 0.5 1.0 0.5 2.0 1.0 0.5 1.0
1.0 1.0 1.0 1.0 0.5 2.0 1.0 1.0 1.0 1.0 1.0 0.5 1.0 0.5 1.0 1.0 1.0 1.0
2.0 1.0 1.0 0.5 1.0 1.0 2.0 1.0 1.0 1.0 0.5 1.0 1.0 1.0 1.0 2.0 1.0 0.5
2.0 1.0 1.0 1.0 1.0 2.0 1.0 1.0 1.0 1.0 2.0 1.0 2.0 1.0 0.5 1.0 1.0 2.0
1.0 1.0 1.0 2.0 1.0 1.0 1.0 1.0 1.0 1.0 1.0 1.0 2.0 1.0 2.0 1.0 2.0 2.0
Nom: Individu
Type: Psychic
HP: 200
Attaques: [(50, 'Grass'), (50, 'Ice'), (50, 'Fighting'), (50, 'Ice')]
Fitness: -3960.0
