1 1 2 0.5 1 1 2 1 1 1 1 1 1 2 1 1 2 0.5
0.5 2 1 1 1 1 1 1 1 1 1 1 1 1 1 1 0.5 2
1 1 1 2 0.5 1 1 1 1 0.5 1 0.5 1 1 0.5 1 1 2
0.5 1 0.5 1 1 1 1 1 1 1 1 1 2 0.5 0.5 2 0.5 0.5
1 0 2 1 1 0.5 0.5 2 0.5 2 1 1 1 1 1 1 2 1
0.5 0.5 0.5 2 1 1 1 1 1 0.5 1 1 0.5 0.5 0.5 0.5 1 0
1 1 2 2 0.5 1 2 2 0.5 0.5 2 1 0.5 0.5 0.5 1 1 0.5
1 1 1 2 1 1 0.5 0.5 1 2 2 1 1 0.5 2 0.5 1 1
1 1 1 1 1 1 1 1 1 2 1 0.5 1 1 0 1 1 0.5
1 2 1 1 2 1 0.5 2 1 1 1 2 1 1 1 1 2 1
0.5 2 1 1 0.5 1 2 0 1 2 0.5 0 1 0.5 2 0.5 0.5 0.5
2 1 1 1 0.5 1 1 0.5 1 2 2 0.5 1 0.5 2 2 0.5 1
1 0 1 1 2 1 1 0.5 2 1 1 0.5 1 1 1 1 0.5 1
1 0.5 0.5 2 0.5 1 1 1 1 1 1 1 0.5 0.5 0.5 1 1 0.5
0.5 2 1 1 2 1 1 1 1 1 1 1 0.5 1 1 0.5 1 2
0.5 0.5 1 2 1 1 1 2 1 1 0.5 1 2 1 0.5 1 1 0.5
1 1 1 2 1 2 1 1 0.5 1 2 2 1 2 1 1 1 0.5
1 1 1 1 1 1 1 0.5 1 1 1 1 1 1 1 0.5 1 0.5
Nom: P.diddy
Type: Fighting
HP: 200
Attaques: [(50, 'Dragon'), (50, 'Ghost'), (50, 'Ground'), (50, 'Electric'), (50, 'Fighting'), (50, 'Bug'), (50, 'Dragon'), (50, 'Psychic'), (50, 'Ghost'), (50, 'Ice')]
Fitness: 0
