2 1 0 1 1 0.5 1 1 1 1 1 2 1 1 2 0.5 1 0.5
2 1 2 2 1 1 1 1 1 2 2 1 0 2 1 1 2 1
1 1 1 0.5 2 1 0.5 0.5 2 1 1 1 1 2 1 1 1 1
1 2 1 1 1 2 1 0.5 0.5 1 0.5 0.5 0.5 0.5 1 1 1 1
0.5 1 1 1 0.5 1 2 2 0.5 1 1 0.5 1 2 2 0.5 1 1
0.5 1 2 1 2 2 0 0.5 0.5 1 0.5 1 0.5 0.5 1 2 1 1
1 0.5 2 2 2 1 0 0.5 1 1 2 2 1 2 2 1 1 1
0.5 1 1 0 2 2 1 1 1 0.5 2 1 1 1 1 1 2 0.5
0 2 1 0.5 1 1 1 1 2 1 1 1 1 1 1 1 0.5 1
1 1 0.5 1 2 2 1 1 0.5 2 1 0.5 2 1 1 1 1 0.5
2 1 2 1 1 1 1 1 2 2 1 1 1 1 1 0.5 0.5 1
1 2 0.5 0.5 1 0.5 1 1 2 1 1 0.5 1 1 1 2 1 1
1 1 1 0.5 2 1 1 1 2 1 1 2 1 1 1 0.5 1 2
2 1 1 0.5 1 1 2 0.5 2 0.5 0.5 1 1 0.5 1 1 0 0.5
2 2 1 1 0.5 0 1 1 0.5 0.5 2 0.5 0.5 2 0 1 0.5 2
1 2 2 2 1 2 2 0.5 0.5 2 1 1 1 2 0.5 2 0.5 1
1 0.5 0.5 1 0.5 1 1 0.5 0.5 1 1 1 2 1 1 2 0.5 1
0.5 1 0.5 2 2 0.5 1 1 1 1 1 2 1 1 2 1 1 1
Nom: P.diddy
Type: Bug
HP: 200
Attaques: [(50, 'Psychic'), (50, 'Dark'), (50, 'Poison'), (50, 'Bug'), (50, 'Bug'), (50, 'Dragon'), (50, 'Dragon'), (50, 'Fire'), (50, 'Ghost'), (50, 'Fairy')]
Fitness: 0
