2 2 0.5 1 1 1 2 0.5 0.5 1 0.5 1 2 2 1 2 1 1
1 1 1 2 1 1 1 1 2 2 1 1 1 2 2 1 1 1
2 1 1 2 1 1 0.5 2 1 0.5 2 1 1 1 2 1 2 1
1 2 2 1 1 1 0.5 0.5 1 0.5 2 1 1 0 2 1 0 1
1 1 2 2 2 1 0.5 2 1 1 1 1 1 0.5 1 2 2 1
1 1 0.5 2 1 0.5 2 1 2 1 2 1 1 0.5 0.5 0.5 0.5 0.5
1 2 1 0.5 2 0.5 1 1 0.5 1 1 1 1 1 1 0.5 1 1
1 2 0.5 1 2 1 1 0.5 1 2 2 1 2 1 2 2 2 1
2 0.5 2 0.5 2 1 2 2 2 0.5 1 1 0.5 1 1 1 1 0.5
0.5 2 1 0 0.5 1 1 1 1 0.5 2 1 1 0.5 1 1 1 2
2 1 2 0.5 0.5 1 0.5 1 0.5 2 1 2 1 1 1 1 2 1
1 0.5 0.5 2 1 1 0.5 0 2 1 0.5 0 0.5 2 1 1 1 2
0.5 1 1 1 2 1 2 0.5 1 1 1 2 2 2 2 1 1 1
0.5 0.5 1 1 0.5 1 1 1 2 1 0.5 0.5 1 1 1 1 2 0.5
1 1 1 2 1 1 1 2 0.5 1 0.5 2 0.5 0.5 1 0.5 2 1
1 1 2 1 1 0.5 1 1 0.5 0.5 1 1 1 1 1 1 1 2
1 1 1 2 1 1 1 2 1 2 2 0.5 2 1 1 2 2 1
2 0.5 1 1 1 1 1 1 0.5 2 1 1 1 2 2 1 1 1
Nom: P.diddy
Type: Ground
HP: 200
Attaques: [(50, 'Rock'), (50, 'Ground'), (50, 'Fighting'), (50, 'Grass'), (50, 'Dark'), (50, 'Normal'), (50, 'Fire'), (50, 'Ghost'), (50, 'Ghost'), (50, 'Bug')]
Fitness: 0
