1 1 1 1 1 1 1 1 2 1 1 1 1 2 2 1 1 1
1 2 2 1 1 2 0.5 0.5 0.5 0 1 0.5 2 2 1 1 2 0.5
1 1 2 2 1 1 1 1 2 0.5 0.5 1 1 1 1 1 0.5 1
1 1 2 0.5 1 0.5 0.5 2 1 0.5 2 1 1 0.5 2 1 1 1
1 2 1 1 1 1 2 1 1 0.5 1 1 2 0.5 1 1 1 1
0.5 1 1 1 1 1 2 1 2 1 1 1 1 1 0.5 0.5 1 2
1 1 0.5 2 1 1 2 1 0.5 1 0 1 1 1 1 1 1 0.5
1 1 1 1 1 1 1 1 1 0.5 1 1 1 0.5 2 1 1 1
1 1 1 0.5 1 0 1 0.5 2 0 1 2 2 1 2 2 0.5 1
1 1 2 1 1 2 1 0.5 1 1 1 1 0.5 2 1 0.5 2 0.5
1 1 2 1 0.5 1 2 0.5 2 1 2 1 2 0.5 1 1 0.5 1
2 1 1 2 1 2 0.5 0.5 1 2 0.5 1 1 1 1 1 0.5 1
1 1 1 1 0.5 1 2 2 1 1 2 1 0.5 1 2 1 0.5 0.5
0.5 0.5 1 2 1 1 1 2 2 1 1 0.5 2 1 2 1 1 1
2 2 1 1 1 2 1 1 2 2 1 2 1 1 2 1 1 1
1 1 0.5 1 1 0.5 1 1 0.5 1 1 2 2 0.5 1 2 0.5 1
1 1 1 0.5 2 0.5 1 0.5 2 1 2 0.5 1 2 1 2 1 1
0.5 1 0.5 2 1 0.5 1 1 1 1 1 1 2 1 0.5 2 2 0.5
Nom: P.diddy
Type: Grass
HP: 200
Attaques: [(50, 'Rock'), (50, 'Dragon'), (50, 'Psychic'), (50, 'Normal'), (50, 'Bug'), (50, 'Ground'), (50, 'Water'), (50, 'Flying'), (50, 'Bug'), (50, 'Psychic')]
Fitness: 0
