1.0 2.0 1.0 2.0 2.0 1.0 0.5 0.5 0.5 1.0 2.0 2.0 1.0 1.0 0.5 1.0 1.0 1.0
1.0 2.0 1.0 2.0 2.0 1.0 0.5 1.0 1.0 1.0 2.0 2.0 1.0 1.0 0.5 1.0 0.5 1.0
2.0 1.0 0.5 1.0 2.0 0.5 0.5 1.0 2.0 2.0 2.0 1.0 1.0 1.0 2.0 2.0 1.0 1.0
0.5 2.0 2.0 1.0 1.0 1.0 2.0 1.0 1.0 0.5 1.0 1.0 1.0 2.0 0.5 1.0 0.5 2.0
1.0 1.0 1.0 0.5 1.0 2.0 1.0 1.0 1.0 1.0 0.5 2.0 1.0 1.0 0.5 0.5 2.0 1.0
2.0 0.5 0.5 1.0 0.0 1.0 1.0 1.0 1.0 2.0 1.0 1.0 2.0 1.0 0.5 1.0 1.0 1.0
1.0 1.0 1.0 1.0 1.0 0.5 0.5 2.0 0.5 1.0 1.0 2.0 1.0 1.0 0.0 1.0 2.0 1.0
2.0 1.0 1.0 1.0 2.0 1.0 1.0 1.0 2.0 1.0 0.0 1.0 0.5 1.0 0.5 1.0 0.5 1.0
1.0 2.0 1.0 1.0 1.0 1.0 1.0 1.0 1.0 1.0 0.5 1.0 2.0 0.0 1.0 1.0 1.0 1.0
1.0 1.0 1.0 1.0 2.0 1.0 2.0 1.0 2.0 2.0 2.0 2.0 1.0 1.0 1.0 1.0 1.0 1.0
0.5 0.5 1.0 1.0 0.5 1.0 1.0 1.0 1.0 0.5 2.0 1.0 1.0 0.5 2.0 2.0 1.0 1.0
0.0 1.0 2.0 1.0 1.0 2.0 1.0 1.0 1.0 1.0 1.0 2.0 1.0 0.5 1.0 1.0 2.0 1.0
1.0 2.0 1.0 1.0 2.0 0.5 2.0 1.0 1.0 1.0 1.0 1.0 0.5 2.0 1.0 0.5 1.0 2.0
0.5 0.5 1.0 1.0 1.0 0.0 1.0 1.0 1.0 1.0 1.0 0.5 1.0 1.0 0.0 2.0 2.0 0.5
2.0 1.0 1.0 2.0 1.0 1.0 1.0 1.0 0.0 2.0 0.5 1.0 1.0 0.5 0.0 1.0 1.0 1.0
1.0 1.0 1.0 1.0 1.0 0.5 1.0 0.5 0.5 1.0 1.0 1.0 1.0 1.0 1.0 1.0 2.0 0.0
0.5 1.0 2.0 1.0 0.5 2.0 1.0 1.0 1.0 2.0 0.5 1.0 2.0 0.0 0.5 1.0 2.0 1.0
1.0 2.0 1.0 2.0 0.0 0.5 0.5 0.5 1.0 1.0 1.0 1.0 0.5 2.0 2.0 2.0 0.0 1.0
Nom: Individu
Type: Fairy
HP: 200
Attaques: [(50, 'Fighting'), (50, 'Fighting'), (50, 'Normal'), (50, 'Dark')]
Fitness: -100.0
