1 1 1 1 1 1 0.5 1 2 2 2 1 0.5 0.5 1 1 1 1
2 1 0.5 1 2 0.5 1 1 2 1 1 1 1 1 0.5 0.5 1 0.5
1 1 1 1 0.5 1 1 1 1 1 0.5 0.5 0.5 1 1 1 2 2
0.5 2 2 0.5 1 2 1 0.5 2 1 1 1 1 1 2 0.5 0.5 0.5
2 1 1 1 2 1 2 0.5 1 1 1 1 1 0.5 1 0.5 1 1
1 1 2 1 0.5 1 1 1 2 1 0.5 1 1 1 0.5 0.5 0.5 1
0.5 1 1 1 2 1 0.5 0.5 1 1 1 1 2 1 0.5 1 1 2
1 1 1 0.5 0.5 1 1 1 0.5 1 1 1 1 0.5 0 1 1 1
2 1 1 0 1 1 2 1 1 0.5 1 1 1 2 1 0.5 1 0.5
0.5 2 0.5 1 1 2 2 0.5 1 1 0.5 1 1 0.5 1 1 1 1
1 2 1 1 2 0.5 1 1 2 1 1 1 1 1 1 0 1 2
0.5 0.5 1 1 1 1 0.5 1 1 1 0.5 2 1 1 1 1 0 1
2 1 1 1 0.5 1 2 0.5 1 1 1 1 1 1 1 1 0.5 2
0.5 1 0.5 1 1 2 2 2 1 1 1 2 1 0.5 1 1 0.5 0.5
2 1 1 2 2 2 0.5 0.5 1 2 1 2 2 1 1 1 0.5 1
0.5 0.5 2 1 1 1 1 1 1 0.5 0.5 1 1 0.5 1 0.5 2 1
0.5 1 2 0.5 1 1 0.5 1 2 0.5 2 1 2 0.5 1 2 2 1
2 1 2 0.5 1 1 1 1 1 2 1 2 1 1 1 2 1 2
Nom: P.diddy
Type: Ground
HP: 200
Attaques: [(50, 'Electric'), (50, 'Psychic'), (50, 'Ground'), (50, 'Flying'), (50, 'Normal'), (50, 'Dark'), (50, 'Poison'), (50, 'Dragon'), (50, 'Dragon'), (50, 'Flying')]
Fitness: 0
