1 1 1 0.5 1 1 0.5 1 1 1 2 0.5 0.5 1 1 1 1 1
2 2 1 0.5 1 1 2 2 1 0.5 1 2 1 2 1 1 2 1
2 2 1 1 1 1 0.5 1 1 1 1 1 1 1 1 1 1 1
1 2 2 2 1 1 1 1 0.5 1 0.5 0.5 1 1 1 1 1 0.5
2 0.5 2 2 1 1 2 1 2 2 1 1 2 2 0.5 1 1 1
1 1 1 1 1 1 1 2 1 0 1 0.5 2 1 0.5 2 1 0.5
2 1 0.5 1 0.5 1 2 1 0.5 1 0.5 2 0.5 1 1 0.5 2 1
1 0.5 2 1 0.5 1 1 2 0.5 0.5 2 1 2 1 0.5 1 1 1
1 1 1 1 1 1 1 0.5 1 0.5 2 1 2 1 2 1 1 1
0.5 1 1 0.5 2 2 1 0.5 1 0.5 2 1 1 1 1 2 1 1
2 1 1 1 1 2 1 0.5 1 1 2 1 1 0.5 1 1 2 0
1 1 1 0.5 0.5 1 2 1 0.5 0.5 0.5 0.5 2 2 0.5 0.5 2 1
1 1 2 2 1 1 1 1 1 0.5 1 0.5 1 1 1 1 1 1
2 0.5 0.5 1 1 0.5 1 0.5 1 1 1 1 2 1 1 1 1 2
1 2 2 2 2 2 1 0.5 1 1 1 1 0.5 1 0.5 1 1 2
0.5 1 0.5 1 2 1 1 1 1 1 0.5 1 1 1 1 1 0.5 1
1 1 1 0.5 1 1 1 2 2 2 2 2 1 2 1 0.5 1 1
1 2 1 0.5 1 2 1 2 1 0.5 0.5 0.5 0.5 1 1 0 1 1
Nom: P.diddy
Type: Ice
HP: 200
Attaques: [(50, 'Ghost'), (50, 'Bug'), (50, 'Ghost'), (50, 'Ground'), (50, 'Poison'), (50, 'Grass'), (50, 'Electric'), (50, 'Bug'), (50, 'Steel'), (50, 'Rock')]
Fitness: 0
