2 1 1 1 0.5 1 0.5 2 2 0.5 2 1 0.5 1 2 2 1 2
2 1 1 2 1 1 1 1 2 2 1 1 1 0.5 0 1 2 1
0.5 2 1 1 1 2 0.5 0.5 0.5 1 1 1 1 1 2 2 1 1
1 1 2 1 2 0.5 2 1 1 2 1 1 0.5 1 2 1 1 1
1 1 1 1 1 2 0.5 2 1 1 0.5 0.5 1 1 1 1 1 0.5
2 2 1 0.5 0.5 1 2 1 1 1 0.5 1 1 1 1 1 1 1
2 1 0.5 1 1 0.5 1 0.5 1 0.5 0 0.5 0.5 1 2 1 1 1
0.5 2 1 2 1 0.5 1 1 1 0.5 1 0.5 1 1 1 1 1 2
2 1 2 1 1 1 1 1 1 1 1 1 1 2 1 1 1 2
1 2 0.5 1 1 1 2 1 0.5 1 1 2 0.5 0.5 1 1 1 1
1 1 1 0 1 1 1 1 1 2 1 1 1 2 0.5 0.5 1 1
2 1 2 1 1 0.5 0.5 2 1 0.5 1 0.5 0.5 1 0.5 0.5 1 2
1 0.5 2 1 0.5 1 0.5 1 2 2 2 1 1 0.5 1 2 0.5 1
0.5 2 0.5 0.5 0.5 2 2 1 0.5 1 1 0 0.5 0.5 1 1 0.5 1
1 1 1 0.5 1 1 0.5 2 0.5 0.5 1 0.5 1 1 0.5 1 1 1
1 2 2 1 0.5 1 0.5 0.5 1 1 1 0.5 2 2 2 2 1 0.5
0.5 1 1 2 2 0.5 2 0.5 1 2 0.5 1 0.5 1 0.5 1 1 1
1 2 0.5 1 1 1 2 2 1 1 1 2 1 1 1 0.5 2 1
Nom: P.Diddy
Type: Grass
HP: 200
Attaques: [(50, 'Bug'), (50, 'Flying'), (50, 'Flying'), (50, 'Ghost')]
Fitness: 0
