2.0 1.0 1.0 1.0 0.5 1.0 0.5 1.0 2.0 1.0 1.0 2.0 0.5 2.0 1.0 1.0 1.0 1.0
2.0 0.5 1.0 0.5 1.0 0.5 1.0 2.0 0.5 0.5 1.0 1.0 0.5 0.5 1.0 1.0 1.0 2.0
0.0 2.0 0.5 2.0 0.5 0.5 0.5 2.0 0.5 0.5 0.5 1.0 1.0 1.0 1.0 1.0 1.0 1.0
1.0 1.0 1.0 2.0 0.0 1.0 2.0 1.0 1.0 1.0 1.0 1.0 1.0 1.0 1.0 2.0 1.0 0.5
1.0 1.0 0.5 0.5 0.5 2.0 2.0 0.5 1.0 1.0 1.0 1.0 1.0 2.0 0.5 2.0 1.0 1.0
1.0 1.0 0.5 1.0 1.0 2.0 0.5 2.0 1.0 1.0 1.0 0.5 1.0 1.0 0.5 0.5 1.0 1.0
1.0 1.0 1.0 0.5 1.0 0.5 2.0 2.0 1.0 1.0 2.0 1.0 2.0 1.0 1.0 1.0 1.0 0.5
1.0 1.0 1.0 0.5 0.5 2.0 0.5 1.0 2.0 1.0 1.0 0.5 0.5 2.0 0.5 2.0 0.5 1.0
0.5 1.0 1.0 1.0 2.0 1.0 1.0 2.0 0.5 1.0 1.0 1.0 2.0 1.0 1.0 0.5 1.0 0.5
1.0 1.0 1.0 1.0 2.0 1.0 1.0 0.5 1.0 1.0 1.0 0.5 1.0 1.0 1.0 2.0 1.0 1.0
0.5 2.0 1.0 0.5 1.0 2.0 2.0 2.0 1.0 1.0 2.0 1.0 1.0 1.0 0.0 1.0 0.5 1.0
1.0 1.0 0.5 1.0 1.0 1.0 1.0 1.0 1.0 1.0 1.0 1.0 1.0 0.5 1.0 1.0 0.5 1.0
0.5 2.0 0.5 1.0 0.5 1.0 0.5 1.0 1.0 1.0 0.5 2.0 1.0 2.0 0.5 0.5 1.0 1.0
2.0 2.0 2.0 1.0 1.0 2.0 0.5 0.5 2.0 1.0 2.0 2.0 1.0 1.0 2.0 0.0 1.0 1.0
2.0 1.0 0.5 1.0 0.5 1.0 0.5 1.0 1.0 1.0 2.0 1.0 1.0 2.0 1.0 2.0 1.0 1.0
2.0 1.0 1.0 1.0 1.0 1.0 1.0 0.5 1.0 2.0 1.0 0.5 0.5 1.0 0.5 1.0 1.0 1.0
1.0 0.5 1.0 1.0 1.0 1.0 2.0 0.5 2.0 1.0 1.0 1.0 1.0 1.0 2.0 1.0 0.5 1.0
0.5 0.0 1.0 1.0 1.0 2.0 1.0 1.0 2.0 1.0 1.0 0.5 2.0 0.5 1.0 1.0 1.0 0.5
Nom: Individu
Type: Ice
HP: 200
Attaques: [(50, 'Fire'), (50, 'Flying'), (50, 'Ground'), (50, 'Fairy')]
Fitness: 890.0
