0.5 1 1 2 1 1 1 1 2 1 2 0.5 2 1 1 0.5 0.5 1
1 1 2 1 1 1 1 1 1 0.5 1 1 0.5 1 0.5 1 1 1
0.5 1 1 1 1 2 2 1 1 2 1 1 1 0.5 1 1 1 1
1 1 2 0.5 1 1 0.5 1 1 0.5 0 1 1 0.5 1 1 0.5 1
1 1 2 1 1 2 1 0.5 0.5 0.5 2 1 0.5 2 1 2 2 0.5
2 1 1 2 2 1 1 1 0.5 1 2 2 1 0.5 1 2 0.5 1
2 1 1 0.5 2 1 1 1 2 0.5 2 2 1 1 0.5 1 1 1
2 1 0 1 1 1 0.5 0.5 0 0.5 2 1 1 1 2 0.5 2 1
2 0.5 1 2 2 1 2 1 1 0.5 1 2 1 0.5 0.5 1 1 2
0.5 1 0.5 1 1 1 0 1 2 1 1 2 1 0 1 1 0.5 1
1 0.5 1 0.5 1 2 0.5 1 1 1 1 1 1 0.5 1 1 0.5 0.5
2 1 0.5 2 1 1 2 1 1 2 1 1 1 1 1 0.5 2 1
1 0.5 1 0.5 1 1 1 2 0.5 1 1 1 1 2 1 1 1 2
0.5 1 1 2 1 1 0 1 1 2 0.5 0.5 0.5 1 1 2 1 0.5
1 2 2 0.5 2 0.5 1 0.5 1 1 0.5 1 0.5 0.5 1 1 0.5 1
1 1 1 1 1 2 1 2 1 0.5 2 1 1 1 0.5 1 1 1
1 0.5 0.5 2 1 1 2 1 1 1 1 1 1 0 2 2 1 1
1 0.5 0.5 2 1 1 1 0.5 1 1 2 2 0.5 1 1 0.5 1 1
Nom: P.diddy
Type: Psychic
HP: 200
Attaques: [(50, 'Dragon'), (50, 'Ground'), (50, 'Dragon'), (50, 'Ghost'), (50, 'Dragon'), (50, 'Ice'), (50, 'Ground'), (50, 'Steel'), (50, 'Dragon'), (50, 'Poison')]
Fitness: 0
