1 0.5 1 1 1 1 1 2 1 1 0.5 1 0.5 0 0 0.5 1 1
0.5 1 0.5 1 2 0.5 1 1 2 1 1 0.5 2 2 1 0.5 0.5 0.5
0.5 1 1 0 1 2 1 1 1 1 0.5 2 1 0.5 1 0.5 0.5 2
1 1 1 0 1 1 2 2 0.5 1 2 1 1 2 0 1 0.5 2
0.5 0.5 1 1 1 0 1 2 1 1 1 2 2 1 1 1 1 1
0.5 1 2 0.5 1 1 2 1 0.5 1 2 0.5 2 1 1 1 2 2
1 1 1 1 2 1 1 2 1 0 1 1 1 2 1 1 0 1
1 0.5 2 0.5 1 2 0.5 1 0.5 1 1 2 2 1 1 2 2 1
1 1 1 0.5 1 1 1 0.5 1 1 2 0.5 2 2 1 0.5 1 1
1 0.5 1 0.5 2 1 1 1 0.5 0.5 2 0 1 1 1 1 1 2
0.5 2 1 1 1 1 1 0.5 2 0 2 1 1 0.5 1 0.5 1 2
0.5 1 1 1 2 1 1 2 1 1 0.5 0.5 1 2 0.5 0.5 0.5 2
1 1 2 2 1 1 0.5 0.5 1 2 2 1 0.5 0.5 1 1 1 1
2 0.5 1 2 1 1 1 1 1 1 1 1 1 0.5 0.5 1 1 2
1 2 1 2 1 2 1 1 1 2 1 1 1 1 1 0.5 1 1
2 0.5 1 1 1 2 2 1 0.5 1 1 0.5 0.5 1 1 2 0.5 2
1 0.5 1 0.5 1 0.5 2 1 2 0.5 1 1 2 1 1 1 1 1
2 1 1 1 2 1 0.5 0.5 1 1 1 0.5 0.5 1 1 1 1 0.5
Nom: Dracaufeu
Type: Fire
HP: 200
Attaques: [(50, 'Ground'), (50, 'Ice'), (50, 'Fighting'), (50, 'Poison')]
Fitness: 2160.0
