0.5 0.5 2 1 1 1 1 1 2 1 1 1 0.5 1 0.5 0.5 0.5 1
2 1 1 2 1 1 1 1 0.5 1 2 0.5 1 1 1 1 1 1
1 0.5 1 0.5 2 1 1 1 1 1 1 1 0.5 1 1 1 1 2
1 1 0.5 1 1 1 1 2 0.5 0.5 2 1 1 2 2 1 1 0.5
1 2 1 2 1 0.5 1 1 1 1 2 1 0.5 2 1 2 0.5 1
2 1 0.5 2 1 1 1 2 1 0 1 2 1 1 1 1 2 2
1 2 1 2 1 0.5 1 1 0.5 1 1 1 2 1 0.5 1 2 2
0.5 1 1 1 1 1 0.5 0.5 1 2 1 2 0.5 1 2 1 0.5 1
2 0.5 2 2 1 1 1 0.5 1 1 1 2 0.5 0.5 2 1 2 1
0.5 2 2 1 2 1 1 1 2 1 1 0.5 0.5 1 1 1 1 1
2 1 1 1 0.5 1 1 1 1 2 2 0.5 1 1 1 1 2 1
1 1 0.5 1 1 1 0.5 1 1 1 2 2 1 0 1 1 0 1
1 1 1 2 2 1 1 0.5 1 1 0.5 1 1 0.5 0.5 1 1 2
2 1 0.5 1 1 1 0.5 0.5 1 1 0.5 0.5 2 0.5 1 1 1 0.5
0 0.5 1 1 0.5 2 0.5 1 1 1 1 1 0.5 1 1 1 1 0.5
2 2 2 1 1 1 1 1 1 1 1 1 0.5 1 1 1 0.5 1
1 1 2 1 2 1 0.5 2 1 1 2 1 1 1 2 2 0.5 0.5
1 1 0.5 2 1 1 1 1 0.5 1 1 0.5 1 0.5 1 1 0.5 0.5
Nom: Individu : 4
Type: Fire
HP: 200
Attaques: [(50, 'Grass'), (50, 'Ghost'), (50, 'Flying'), (50, 'Fire')]
Fitness: 0
