0.5 1.0 2.0 1.0 0.5 1.0 1.0 0.5 1.0 0.5 1.0 0.5 1.0 1.0 1.0 2.0 2.0 2.0
1.0 0.5 2.0 1.0 1.0 0.5 1.0 1.0 1.0 1.0 0.5 2.0 2.0 0.5 1.0 1.0 1.0 0.5
0.5 2.0 0.5 2.0 0.5 1.0 1.0 1.0 1.0 1.0 1.0 1.0 1.0 1.0 1.0 2.0 2.0 0.5
1.0 2.0 0.0 1.0 1.0 1.0 1.0 2.0 0.5 2.0 2.0 2.0 0.5 1.0 1.0 1.0 1.0 1.0
1.0 0.5 1.0 0.5 0.5 1.0 1.0 2.0 0.5 2.0 0.5 2.0 0.5 1.0 1.0 2.0 0.0 1.0
0.5 1.0 2.0 1.0 2.0 1.0 1.0 1.0 1.0 1.0 1.0 0.5 0.5 1.0 1.0 1.0 0.5 1.0
1.0 1.0 1.0 0.5 1.0 1.0 0.5 1.0 1.0 1.0 1.0 1.0 1.0 0.5 0.5 1.0 2.0 1.0
1.0 1.0 1.0 1.0 1.0 0.5 2.0 1.0 0.5 0.5 2.0 2.0 0.5 1.0 1.0 2.0 1.0 1.0
1.0 2.0 1.0 1.0 1.0 1.0 1.0 1.0 1.0 1.0 1.0 0.5 2.0 1.0 1.0 1.0 2.0 1.0
1.0 1.0 1.0 1.0 1.0 0.5 1.0 2.0 1.0 1.0 1.0 0.5 1.0 2.0 1.0 2.0 1.0 0.5
0.0 1.0 0.5 0.5 1.0 2.0 2.0 1.0 1.0 1.0 0.5 1.0 1.0 1.0 1.0 2.0 1.0 1.0
2.0 0.5 1.0 1.0 1.0 2.0 2.0 2.0 1.0 1.0 0.0 1.0 1.0 0.5 0.5 1.0 1.0 2.0
1.0 1.0 2.0 1.0 0.5 1.0 1.0 1.0 1.0 2.0 1.0 1.0 1.0 1.0 0.5 0.5 2.0 1.0
2.0 2.0 0.0 1.0 1.0 0.5 0.5 2.0 0.5 0.5 0.5 1.0 1.0 1.0 1.0 0.5 2.0 2.0
0.5 2.0 2.0 0.5 0.5 1.0 0.5 1.0 0.5 1.0 2.0 0.5 0.5 1.0 1.0 2.0 1.0 1.0
1.0 0.5 1.0 2.0 1.0 1.0 1.0 1.0 2.0 1.0 2.0 2.0 1.0 0.5 1.0 2.0 1.0 2.0
1.0 1.0 1.0 1.0 0.5 2.0 2.0 1.0 2.0 1.0 2.0 0.5 0.5 0.5 1.0 0.5 1.0 2.0
1.0 2.0 1.0 0.5 1.0 0.5 1.0 0.5 0.5 1.0 1.0 0.5 1.0 2.0 1.0 1.0 0.5 1.0
Nom: Individu
Type: Flying
HP: 200
Attaques: [(50, 'Fairy'), (50, 'Water'), (50, 'Fire'), (50, 'Fire')]
Fitness: 3800.0
