1.0 1.0 0.5 0.0 1.0 1.0 1.0 1.0 2.0 1.0 1.0 1.0 1.0 1.0 1.0 1.0 0.5 1.0
1.0 1.0 2.0 1.0 2.0 1.0 1.0 1.0 1.0 1.0 1.0 1.0 0.5 0.5 1.0 1.0 1.0 1.0
1.0 0.5 0.5 2.0 1.0 2.0 1.0 1.0 1.0 0.0 1.0 1.0 1.0 1.0 1.0 1.0 1.0 1.0
1.0 1.0 1.0 0.5 2.0 2.0 1.0 2.0 2.0 0.0 1.0 2.0 0.5 1.0 0.5 1.0 1.0 1.0
2.0 1.0 1.0 2.0 1.0 1.0 0.5 1.0 0.5 1.0 1.0 1.0 2.0 1.0 0.5 1.0 1.0 1.0
1.0 1.0 1.0 2.0 1.0 0.5 0.5 0.5 1.0 1.0 0.5 2.0 2.0 1.0 1.0 1.0 0.5 1.0
1.0 1.0 0.5 1.0 1.0 0.0 2.0 1.0 1.0 1.0 1.0 1.0 1.0 1.0 2.0 1.0 1.0 1.0
1.0 2.0 2.0 2.0 1.0 1.0 1.0 1.0 0.5 1.0 2.0 2.0 1.0 1.0 1.0 1.0 0.5 1.0
1.0 1.0 2.0 1.0 0.5 1.0 1.0 1.0 1.0 0.5 1.0 0.5 0.5 1.0 1.0 2.0 1.0 0.5
1.0 1.0 2.0 1.0 0.5 1.0 2.0 2.0 0.5 0.5 1.0 1.0 0.0 0.5 2.0 1.0 0.5 1.0
1.0 0.5 2.0 0.5 1.0 0.5 2.0 2.0 0.5 2.0 1.0 1.0 1.0 0.5 2.0 1.0 1.0 1.0
1.0 1.0 1.0 1.0 1.0 0.5 1.0 2.0 1.0 0.5 1.0 0.5 0.5 1.0 0.5 1.0 1.0 1.0
0.5 2.0 0.5 1.0 0.5 1.0 1.0 0.5 0.5 1.0 1.0 2.0 1.0 1.0 1.0 1.0 1.0 1.0
2.0 0.5 1.0 1.0 1.0 1.0 1.0 2.0 2.0 1.0 1.0 2.0 1.0 1.0 0.5 1.0 1.0 1.0
1.0 0.5 2.0 1.0 1.0 0.5 1.0 1.0 2.0 0.5 1.0 1.0 2.0 0.5 2.0 1.0 1.0 0.5
1.0 0.5 2.0 1.0 1.0 1.0 0.5 1.0 0.5 1.0 0.5 1.0 0.5 1.0 1.0 0.5 1.0 2.0
1.0 2.0 2.0 1.0 1.0 1.0 1.0 1.0 0.0 1.0 1.0 1.0 2.0 2.0 1.0 1.0 2.0 0.5
2.0 2.0 0.0 0.5 1.0 1.0 0.5 1.0 2.0 1.0 2.0 1.0 1.0 1.0 1.0 1.0 1.0 0.5
Nom: Individu
Type: Bug
HP: 200
Attaques: [(50, 'Electric'), (50, 'Poison'), (50, 'Dragon'), (50, 'Poison')]
Fitness: -4280.0
