1 0.5 0.5 1 1 1 1 2 1 0.5 1 0.5 1 1 1 1 2 1
1 1 0 2 0.5 1 0.5 1 1 1 0.5 1 0.5 1 1 1 2 0.5
2 1 1 1 2 2 2 0.5 1 0.5 2 0.5 1 0.5 1 0.5 1 0.5
1 0.5 0.5 1 1 0.5 2 1 1 1 0.5 2 2 1 2 2 0 1
0.5 2 1 1 0 1 1 1 1 0.5 1 1 1 1 1 1 1 0.5
1 1 1 1 1 1 1 1 1 1 1 0.5 1 1 1 1 1 0.5
0.5 0.5 1 1 1 1 0.5 0.5 0.5 1 1 1 1 1 1 1 1 1
2 0.5 0 2 1 2 1 1 1 1 1 2 1 2 0.5 1 1 2
1 1 1 1 1 2 2 1 1 1 0.5 0.5 1 0.5 1 2 1 1
1 1 1 2 1 0.5 1 1 1 1 1 1 0.5 1 1 1 0.5 1
1 1 2 2 1 1 2 0.5 0.5 1 1 0.5 0.5 0.5 0.5 0.5 1 0.5
1 0.5 2 0.5 0.5 0.5 2 1 1 1 1 0.5 1 0.5 2 0.5 0 1
0.5 2 1 0.5 2 1 2 1 2 0 2 1 2 1 1 0.5 1 1
1 1 2 0.5 0.5 0.5 1 2 1 1 1 2 1 1 0.5 2 1 2
1 0.5 1 2 1 2 1 1 1 0.5 0.5 2 2 1 1 0.5 1 1
1 0.5 1 0.5 2 1 0.5 1 1 1 1 1 0.5 2 1 0.5 1 2
2 1 0.5 2 1 1 1 1 2 1 1 1 0.5 1 1 2 1 1
1 2 1 1 2 1 1 2 1 1 1 1 1 1 0.5 1 0.5 1
Nom: Individu : 18
Type: Dark
HP: 200
Attaques: [(50, 'Steel'), (50, 'Steel'), (50, 'Dark'), (50, 'Fighting')]
Fitness: 4335.0
