2 0.5 1 0.5 0.5 2 1 1 1 1 1 1 0.5 1 2 1 2 0.5
1 1 1 1 2 0.5 2 1 1 1 1 2 1 1 0.5 1 2 1
1 1 2 1 0.5 1 2 2 0.5 2 2 1 1 1 1 0.5 1 2
0.5 0.5 1 1 1 0.5 1 1 1 1 0.5 1 1 2 1 1 0.5 0.5
2 1 1 0.5 1 1 0.5 0.5 0.5 1 1 1 2 1 1 1 1 2
1 2 1 2 2 1 2 2 1 1 1 0 1 0.5 1 1 0.5 1
0.5 1 0.5 2 1 1 0.5 1 1 1 0.5 1 0.5 0 1 1 1 1
1 0.5 1 2 2 1 2 2 1 1 2 1 0.5 1 2 2 0.5 0.5
0.5 2 2 0 1 1 1 1 1 2 1 0.5 2 1 0.5 2 1 1
1 0.5 2 2 0.5 2 1 1 2 1 2 0.5 1 1 1 0.5 2 1
0.5 0.5 1 1 0.5 0.5 1 1 1 1 0.5 2 2 0.5 0.5 1 2 2
0.5 1 1 1 0.5 0.5 1 1 1 1 1 1 1 1 2 1 1 1
1 1 2 1 1 1 2 1 0.5 2 1 2 2 0.5 2 0.5 1 1
1 0.5 1 1 2 1 0 1 2 1 1 0.5 0 2 0.5 2 0.5 0.5
0.5 1 1 2 2 2 1 0.5 2 1 1 2 2 1 1 1 1 1
2 2 1 2 1 0.5 1 0.5 0.5 0 2 0.5 0.5 2 2 1 1 1
0.5 0.5 2 1 0 0.5 0.5 0.5 1 1 2 1 2 1 1 1 1 1
1 1 2 2 1 2 1 1 1 1 1 0.5 0.5 2 1 0.5 0.5 1
Nom: Individu : 6
Type: Psychic
HP: 200
Attaques: [(50, 'Fighting'), (50, 'Ghost'), (50, 'Poison'), (50, 'Flying')]
Fitness: 0
