1 1 1 2 2 1 0.5 1 0.5 1 1 1 2 2 2 0.5 1 0.5
1 2 0 2 1 2 1 2 0.5 1 1 1 1 2 1 0.5 2 1
2 1 1 1 2 1 2 2 0.5 1 0.5 1 1 1 0.5 1 1 2
0.5 0.5 2 1 1 1 2 1 1 1 0.5 2 0.5 2 0.5 2 1 1
2 1 2 1 1 1 0.5 1 0.5 1 2 1 0.5 2 1 1 1 1
1 1 1 1 0.5 2 2 0.5 1 1 0.5 2 1 0.5 1 1 1 1
0.5 0.5 0.5 1 0.5 1 0.5 1 2 2 1 0.5 1 1 2 1 0.5 1
1 1 2 1 2 2 0.5 1 0.5 1 1 1 0.5 1 0.5 0.5 0.5 0.5
0.5 1 0.5 1 1 1 2 1 1 2 1 1 1 1 1 0.5 1 0.5
1 1 1 1 1 1 1 0.5 1 1 1 1 0.5 2 0 2 0.5 1
1 1 2 0.5 1 0.5 1 0.5 1 1 0.5 0.5 0.5 1 2 1 2 2
1 1 1 1 0.5 0.5 1 1 1 1 0.5 1 0.5 1 1 2 2 0.5
2 0.5 0.5 2 2 1 1 1 1 1 1 1 2 1 1 0.5 1 0.5
1 0.5 2 2 1 2 2 1 1 0.5 2 1 1 1 1 0.5 1 1
2 1 1 2 1 1 1 2 1 1 2 0.5 2 1 2 0.5 0 1
2 2 1 1 0.5 1 1 1 0.5 1 0.5 1 1 0.5 0.5 1 1 1
2 2 2 1 1 1 2 1 1 0.5 1 1 1 2 1 1 1 2
1 2 1 0.5 2 1 0.5 1 1 1 1 2 1 2 2 2 1 0
Nom: Individu : 10
Type: Steel
HP: 200
Attaques: [(50, 'Ghost'), (50, 'Grass'), (50, 'Dragon'), (50, 'Fighting')]
Fitness: -1485.0
