0.5 1 1 1 2 1 1 1 0.5 2 1 2 1 1 1 0.5 1 2
1 1 2 1 2 0.5 1 0.5 1 1 1 2 0.5 1 2 1 0.5 1
1 2 1 1 1 1 1 2 0.5 1 1 1 1 1 1 1 0.5 0
2 1 1 0.5 2 0.5 0.5 0.5 1 0.5 1 2 1 0.5 2 1 1 0.5
2 1 1 1 1 2 1 2 2 1 1 1 2 0 2 1 1 1
1 2 1 2 0.5 1 2 1 1 1 1 2 1 1 1 1 1 1
2 2 2 1 1 1 0.5 0.5 1 1 0.5 1 1 1 1 1 1 1
1 1 2 1 0.5 0.5 0.5 1 1 1 1 1 1 0.5 2 2 1 0
0 0 1 1 1 2 0.5 2 1 1 1 1 1 0.5 1 2 0.5 1
0.5 0.5 0 2 1 1 1 1 0.5 1 0.5 1 1 1 1 1 0.5 1
0.5 0.5 1 0 2 1 1 0.5 2 2 0.5 1 1 1 2 1 0.5 1
1 0.5 1 1 1 1 0.5 0.5 1 0.5 0.5 2 1 1 0.5 1 2 1
0.5 1 2 1 1 1 1 1 2 2 1 1 0.5 2 1 1 0 2
1 1 1 0.5 1 0.5 1 1 1 1 1 0.5 2 2 1 1 2 2
0.5 1 1 1 2 2 2 0.5 1 0.5 2 2 1 0.5 0 1 0.5 1
1 1 1 1 1 0.5 1 2 1 1 1 1 2 0.5 0.5 1 1 1
1 1 2 2 1 0.5 2 1 1 0.5 0 2 1 1 1 1 1 2
1 1 1 1 1 2 0.5 2 2 0.5 1 0.5 2 1 2 1 1 1
Nom: Individu : 11
Type: Dark
HP: 200
Attaques: [(50, 'Water'), (50, 'Poison'), (50, 'Rock'), (50, 'Psychic')]
Fitness: 2995.0
