1 0.5 1 0.5 0.5 0.5 1 2 1 1 2 2 2 0.5 2 1 2 0.5
1 2 1 1 1 1 1 0.5 1 0.5 1 2 2 1 0.5 2 1 1
2 0 1 1 2 0.5 1 0.5 0.5 2 1 1 0.5 1 1 0.5 0.5 1
1 2 0.5 0 2 2 0.5 0 0.5 0.5 1 1 0.5 2 1 0.5 1 0.5
1 1 1 0 1 1 1 1 0.5 1 1 0.5 2 1 0.5 1 1 2
1 0.5 2 2 1 1 1 1 1 1 1 1 1 2 1 1 1 2
2 1 1 1 0.5 1 1 1 1 1 2 1 1 2 1 1 1 2
1 0.5 1 2 1 1 1 1 1 0.5 2 2 0.5 1 0 0.5 0.5 2
0.5 0.5 1 1 0.5 2 0.5 2 1 1 1 0.5 1 1 2 1 0 2
1 1 0.5 1 1 1 1 1 0.5 1 1 0.5 0.5 1 1 1 2 1
1 2 1 0.5 0.5 0.5 1 0.5 0.5 1 1 2 1 1 2 2 2 1
2 0.5 1 1 0.5 1 0.5 1 1 0.5 1 1 1 1 1 1 1 0.5
2 1 1 1 1 1 1 1 2 1 1 1 1 2 1 0.5 2 1
1 0.5 0.5 2 1 1 2 0.5 2 1 0.5 1 1 1 1 0.5 0.5 1
1 1 1 2 2 1 2 0 0.5 1 1 0.5 2 1 2 0.5 2 1
2 1 1 2 2 1 0.5 2 0.5 1 1 2 1 0.5 0.5 0.5 1 2
2 1 1 0.5 1 2 0.5 1 0.5 1 2 2 1 1 1 0.5 1 0.5
2 2 1 2 0.5 1 1 1 1 0.5 0.5 2 0 1 1 0.5 1 0.5
Nom: Individu : 15
Type: Water
HP: 200
Attaques: [(50, 'Fire'), (50, 'Electric'), (50, 'Grass'), (50, 'Ice')]
Fitness: -90.0
