2 0.5 1 0 1 1 2 0.5 2 1 1 1 1 0.5 1 2 0.5 1
2 1 0.5 1 2 1 2 1 2 1 1 1 1 0.5 0.5 1 1 1
1 1 0 1 1 1 1 2 0 1 1 0 2 1 1 1 1 0.5
1 0.5 1 1 1 2 1 2 0.5 1 1 1 1 2 2 1 1 0.5
1 1 1 2 1 1 1 0.5 1 1 2 0.5 2 1 2 2 2 2
2 1 0.5 0.5 0.5 2 1 2 0.5 0.5 1 2 0.5 2 0.5 1 1 0.5
1 2 0.5 0.5 1 0.5 0.5 1 2 1 0.5 2 2 1 1 0.5 0.5 0.5
2 1 1 1 0 1 1 1 0.5 1 1 2 1 1 0 1 2 0.5
1 1 1 1 2 1 2 0.5 0.5 1 0.5 2 1 0.5 0.5 1 0.5 2
1 2 2 2 1 2 1 1 2 0.5 1 0.5 2 0.5 2 1 1 0.5
2 0 1 1 0.5 2 1 0.5 1 1 1 1 0.5 1 0.5 2 1 0.5
1 1 1 2 2 0.5 1 0 2 1 2 1 1 2 1 1 1 2
1 1 0.5 1 0 1 1 2 2 0.5 2 2 0.5 1 1 0.5 0.5 1
1 1 1 1 1 1 0.5 1 2 1 1 0.5 1 1 0.5 1 2 1
1 0.5 2 2 0.5 2 1 0.5 0.5 2 1 2 0.5 0.5 1 1 0.5 0.5
1 1 1 1 0.5 2 1 1 0.5 1 1 1 1 1 1 1 2 1
0.5 2 1 1 2 1 1 0.5 1 0.5 1 1 1 1 1 0.5 0.5 1
1 2 0.5 2 1 0.5 1 0.5 1 1 0 1 1 0.5 0.5 2 1 1
Nom: Individu : 13
Type: Grass
HP: 200
Attaques: [(50, 'Bug'), (50, 'Fairy'), (50, 'Psychic'), (50, 'Psychic')]
Fitness: 0
