0.5 1 2 2 1 2 0.5 1 0.5 0 0.5 2 0 0.5 1 1 1 1
1 2 2 2 1 2 2 0.5 1 1 1 1 2 2 1 1 0.5 1
1 1 1 0.5 1 1 0.5 1 2 2 1 1 1 2 2 2 1 1
1 1 2 1 0.5 1 2 2 0 0.5 1 1 1 1 0.5 1 1 1
1 0 2 0.5 2 1 0.5 0.5 2 2 0.5 1 1 1 1 0.5 0.5 0.5
0.5 1 1 1 0.5 0.5 1 2 2 1 1 1 1 1 1 0.5 2 0
0 2 1 1 1 1 2 2 2 1 0.5 2 0.5 0.5 1 2 1 0.5
0.5 2 0.5 1 1 2 2 1 1 0.5 1 0.5 0.5 0.5 1 1 2 2
0.5 1 1 0.5 1 1 2 0.5 0.5 0.5 0.5 1 1 2 2 1 1 1
0.5 0.5 2 1 1 2 0.5 1 0.5 2 1 1 0.5 1 1 1 0.5 2
1 0.5 2 0.5 1 2 1 2 2 0.5 1 1 1 2 1 1 1 1
1 0.5 2 1 1 1 0.5 1 1 1 0.5 0.5 1 2 0.5 0.5 0.5 2
1 1 2 1 1 2 1 0.5 2 1 1 0 1 0 1 1 2 2
2 0.5 1 1 1 1 1 1 1 0.5 1 0.5 2 1 2 0.5 1 1
1 0.5 1 2 1 1 2 0.5 1 2 2 1 1 0.5 1 1 1 1
2 0.5 1 1 1 0.5 0.5 1 0 1 0.5 1 1 2 1 0.5 1 1
2 0.5 0 2 1 2 0.5 1 1 1 2 2 2 1 1 1 2 1
2 1 2 0.5 1 1 0.5 1 1 0.5 2 2 1 0.5 2 1 0.5 2
Nom: Individu : 3
Type: Fighting
HP: 200
Attaques: [(50, 'Grass'), (50, 'Normal'), (50, 'Dark'), (50, 'Steel')]
Fitness: 0
