0.5 0.5 1 0.5 1 1 0.5 0.5 0.5 1 1 1 0.5 1 1 1 0.5 1
1 1 1 0.5 1 2 1 1 1 1 0.5 1 2 1 1 1 0.5 0.5
2 1 1 1 1 1 1 1 1 0.5 1 1 1 1 1 0.5 2 1
2 1 1 2 1 2 1 1 0.5 1 1 1 0.5 2 2 1 1 2
1 1 2 2 0.5 1 2 2 0 0.5 1 1 0.5 1 0.5 1 1 1
1 2 1 1 0.5 1 1 1 1 1 0.5 1 0.5 0.5 1 1 2 0.5
1 0.5 1 2 1 2 2 1 0.5 1 2 2 1 0.5 2 0 1 0.5
1 0.5 1 2 1 1 1 1 1 1 1 1 1 1 1 2 2 1
1 1 1 0.5 1 1 2 0.5 1 2 1 2 2 1 1 1 1 0.5
1 0.5 1 0.5 2 1 2 1 2 1 1 0.5 2 1 0.5 1 1 1
1 2 1 1 0.5 0.5 1 2 1 2 1 1 1 1 0.5 1 1 1
1 1 2 1 1 0.5 2 1 1 2 1 1 2 0 2 0.5 1 0.5
1 1 0.5 2 1 0.5 2 1 2 1 1 1 2 1 2 2 1 2
1 2 0.5 0.5 1 1 2 2 1 1 0.5 2 1 1 1 2 1 1
1 2 2 1 1 0.5 1 1 2 0.5 2 1 1 0.5 1 1 0.5 0.5
2 1 1 1 1 1 1 2 1 1 1 1 1 0.5 1 1 1 1
0.5 1 1 2 2 0.5 1 1 0.5 1 1 1 1 1 2 2 1 1
1 0.5 2 2 0.5 1 1 1 1 1 1 1 1 1 1 1 1 1
Nom: Individu : 14
Type: Steel
HP: 200
Attaques: [(50, 'Electric'), (50, 'Electric'), (50, 'Fire'), (50, 'Ice')]
Fitness: -2320.0
