1 2 1 0.5 2 0.5 1 2 1 0.5 1 1 2 1 0.5 2 1 0.5
1 1 1 0.5 2 1 0.5 1 1 2 1 0.5 1 1 1 0.5 1 0.5
1 1 1 1 1 1 2 2 1 0.5 1 0.5 2 1 1 1 1 0.5
1 1 0.5 2 0.5 2 2 0.5 2 1 1 2 0.5 2 2 0.5 2 1
1 2 1 1 0.5 1 2 1 1 2 1 1 1 1 2 2 1 1
2 1 0.5 1 0.5 1 0.5 2 0.5 2 1 1 1 0.5 0.5 0.5 0.5 1
1 0.5 2 1 2 0.5 1 1 0.5 0.5 2 0.5 0.5 1 1 1 0.5 2
1 2 0.5 1 1 0 1 1 0.5 0.5 0.5 1 0.5 2 2 1 2 1
1 1 1 2 1 0.5 0.5 0.5 1 1 0 1 1 0.5 2 1 0.5 2
1 1 0.5 2 1 2 0.5 1 0.5 0.5 1 1 1 1 0.5 1 1 2
2 2 1 2 1 1 2 2 2 0.5 0.5 0.5 1 1 1 1 1 1
1 2 1 1 1 0.5 1 2 1 0.5 1 0.5 1 1 1 2 0.5 1
0.5 1 0.5 1 2 1 1 1 2 1 1 1 0.5 2 1 1 1 2
0.5 1 0 1 2 0.5 0.5 2 1 0.5 1 1 1 1 0.5 1 0.5 1
2 1 2 0.5 1 1 1 1 2 1 1 0.5 1 0.5 2 0.5 2 1
1 2 0.5 1 1 1 1 2 1 1 1 2 0.5 0.5 1 1 0 1
2 1 2 1 0 1 0.5 1 2 1 1 2 1 1 0.5 0.5 1 1
1 1 1 1 1 1 0.5 1 1 1 0.5 1 0.5 2 0.5 0.5 2 1
Nom: Individu : 9
Type: Fighting
HP: 200
Attaques: [(50, 'Dark'), (50, 'Dark'), (50, 'Normal'), (50, 'Water')]
Fitness: -1930.0
