0.5 2 1 1 1 1 1 1 1 1 2 1 0 0 0.5 1 0.5 1
2 0.5 1 1 0.5 1 1 0.5 2 2 0.5 1 1 1 2 1 1 0.5
1 1 1 1 1 0.5 2 1 2 0.5 1 0.5 1 1 1 1 1 2
1 1 1 1 2 1 0.5 2 1 2 1 1 2 1 1 1 1 1
2 2 2 1 1 2 1 0.5 1 0 1 0.5 0.5 1 2 2 1 1
0.5 2 1 0.5 1 2 0.5 2 1 1 1 1 1 0.5 1 1 1 1
1 1 1 1 2 0.5 1 2 2 0.5 2 2 2 0 1 2 1 2
1 0.5 1 0.5 1 1 2 0.5 1 1 0 1 2 0.5 1 1 1 0.5
2 2 1 1 1 1 2 2 2 1 2 0.5 0.5 1 1 2 1 1
0 0.5 0.5 1 1 0 0 1 0.5 2 1 2 1 0.5 0.5 0.5 0.5 2
1 1 1 1 1 0.5 1 2 0.5 1 1 1 1 0 2 1 2 1
0 1 0.5 2 2 1 0.5 1 1 2 1 1 2 2 2 0.5 2 2
0.5 2 1 1 0.5 1 1 1 0.5 1 1 2 1 1 1 1 1 2
0.5 2 2 1 0.5 0.5 1 1 2 1 1 0.5 1 1 1 1 1 1
2 0.5 2 0.5 2 0.5 0.5 2 0.5 1 1 0.5 2 1 2 2 2 2
1 1 1 1 2 1 1 1 2 0.5 1 1 1 1 2 0.5 1 0.5
1 1 2 1 0.5 1 0.5 1 2 1 0.5 2 2 2 2 1 1 0.5
1 1 0.5 1 1 1 2 2 2 1 1 1 1 0 1 2 1 1
Nom: Individu : 17
Type: Grass
HP: 200
Attaques: [(50, 'Ghost'), (50, 'Fire'), (50, 'Flying'), (50, 'Fire')]
Fitness: -1125.0
