0.5 1 0.5 1 1 1 1 0.5 1 1 1 2 2 1 1 2 1 1
1 1 1 1 2 2 1 1 1 1 1 1 0.5 1 1 0.5 1 1
1 0 2 1 0.5 2 0 1 1 1 0.5 1 1 1 2 1 2 0.5
1 2 1 1 0.5 0.5 2 1 0.5 1 1 1 0.5 2 0.5 1 1 1
0.5 1 1 0.5 0.5 1 1 1 1 2 0.5 0.5 1 1 1 2 1 1
1 1 2 1 2 1 1 1 0.5 2 1 1 1 0.5 2 1 1 2
2 1 1 1 1 1 1 1 2 1 1 2 1 1 2 1 0.5 1
2 1 1 0.5 1 0.5 1 1 1 1 0.5 2 1 1 1 0 2 1
1 1 1 1 2 1 0.5 0.5 0.5 1 0 2 1 2 2 0.5 2 2
2 1 1 0.5 1 1 1 2 0.5 0.5 2 2 2 0.5 1 1 1 0.5
1 1 0.5 1 1 1 1 2 2 0 2 0 1 2 1 1 1 1
1 1 2 1 1 0.5 1 2 1 0.5 0.5 1 0 2 1 0.5 2 1
1 2 1 0.5 2 1 1 2 0.5 2 0.5 0 1 2 2 2 2 1
0.5 1 1 1 1 2 2 0.5 2 2 1 1 0.5 0.5 1 0.5 0 1
0.5 1 1 1 1 2 1 1 1 0.5 2 0 1 1 2 1 1 2
2 1 2 1 2 0.5 1 2 2 1 1 2 0.5 1 2 2 1 1
1 2 2 0.5 1 1 1 1 0.5 2 1 1 2 1 2 1 0.5 1
0.5 1 2 0.5 1 1 1 1 2 0.5 1 2 1 1 1 1 2 1
Nom: Individu : 8
Type: Psychic
HP: 200
Attaques: [(50, 'Fire'), (50, 'Rock'), (50, 'Flying'), (50, 'Water')]
Fitness: 2725.0
