1 2 1 1 1 0.5 0 0.5 2 1 1 2 1 1 1 1 1 1
1 1 0.5 0 1 1 0.5 0.5 2 1 1 1 2 0.5 1 1 1 0.5
1 2 2 1 1 0.5 1 1 2 2 1 2 0.5 0 0.5 2 1 1
1 1 1 0 0 0.5 0.5 0.5 0.5 1 1 1 1 0.5 1 2 1 1
2 1 0 2 1 2 0.5 2 1 2 2 0 2 0.5 1 1 2 2
1 0.5 1 1 0 2 2 2 0.5 1 2 1 2 0.5 1 1 2 1
1 0.5 0.5 0.5 2 1 0.5 1 0 0.5 1 1 1 2 1 1 2 0
0.5 1 2 1 1 1 0.5 2 1 1 1 2 1 1 0 1 0 1
1 2 1 1 1 1 1 1 1 0.5 0 2 0.5 0 1 1 1 1
2 0.5 1 1 2 0.5 1 1 1 0.5 0 1 1 0.5 1 0.5 2 2
1 2 1 1 1 1 1 2 1 1 0.5 0 2 1 2 0.5 1 1
1 2 0.5 0.5 1 1 0.5 2 0.5 0 2 0 1 1 2 0.5 1 1
1 0.5 2 1 0.5 2 1 2 1 1 2 0 0.5 0.5 2 0.5 2 2
1 2 1 0 2 2 1 1 1 2 2 2 1 0.5 0.5 2 0.5 1
1 1 1 1 2 1 0.5 1 0.5 0 0.5 1 2 1 0.5 1 1 2
2 0 1 1 1 1 1 1 0 2 1 1 1 0.5 0.5 1 1 0.5
1 0.5 1 2 1 1 0.5 1 1 1 1 1 1 1 1 2 0.5 0.5
1 1 2 0.5 1 1 0.5 2 0 0.5 0.5 1 1 2 1 1 1 1
Nom: Null
Type: Fighting
HP: 200
Attaques: [(50, 'Normal'), (50, 'Ghost'), (50, 'Ghost'), (50, 'Bug'), (50, 'Electric'), (50, 'Dragon'), (50, 'Water'), (50, 'Dark'), (50, 'Normal'), (50, 'Bug'), (50, 'Psychic'), (50, 'Electric')]
Fitness: 0
