2.0 0.5 2.0 1.0 0.5 1.0 1.0 2.0 1.0 1.0 1.0 0.0 1.0 1.0 1.0 1.0 1.0 1.0
2.0 1.0 1.0 1.0 2.0 1.0 1.0 2.0 1.0 1.0 1.0 1.0 2.0 1.0 1.0 0.5 1.0 2.0
0.5 1.0 1.0 1.0 1.0 1.0 0.5 1.0 0.5 1.0 1.0 0.5 2.0 0.5 1.0 1.0 2.0 2.0
1.0 0.0 2.0 1.0 1.0 2.0 1.0 2.0 1.0 2.0 2.0 1.0 2.0 1.0 1.0 2.0 1.0 2.0
1.0 0.0 1.0 1.0 1.0 1.0 1.0 1.0 2.0 1.0 1.0 2.0 1.0 1.0 0.0 1.0 0.5 1.0
0.5 1.0 2.0 0.5 2.0 1.0 2.0 0.5 1.0 2.0 1.0 1.0 1.0 0.5 2.0 0.5 0.5 1.0
0.5 0.5 1.0 1.0 0.0 2.0 1.0 1.0 0.5 1.0 1.0 1.0 1.0 1.0 1.0 0.0 1.0 1.0
1.0 2.0 0.5 2.0 1.0 1.0 1.0 1.0 1.0 0.5 2.0 2.0 1.0 1.0 1.0 2.0 0.5 1.0
2.0 2.0 1.0 1.0 1.0 1.0 0.5 1.0 1.0 0.5 1.0 1.0 0.5 0.0 0.5 1.0 2.0 0.5
1.0 1.0 0.5 1.0 1.0 2.0 1.0 1.0 2.0 1.0 1.0 1.0 1.0 1.0 1.0 1.0 1.0 0.5
1.0 1.0 2.0 1.0 1.0 2.0 2.0 1.0 2.0 0.5 1.0 1.0 1.0 1.0 2.0 0.5 1.0 0.5
0.5 1.0 2.0 1.0 1.0 1.0 0.5 2.0 1.0 1.0 1.0 1.0 1.0 1.0 0.0 1.0 0.5 1.0
0.5 0.5 2.0 0.5 1.0 1.0 1.0 2.0 2.0 1.0 1.0 1.0 1.0 1.0 1.0 1.0 1.0 1.0
1.0 1.0 1.0 0.5 1.0 0.0 1.0 0.5 1.0 1.0 0.5 1.0 1.0 1.0 1.0 2.0 0.5 2.0
1.0 1.0 1.0 1.0 0.5 1.0 1.0 1.0 1.0 2.0 2.0 1.0 1.0 1.0 2.0 1.0 0.5 0.5
0.5 0.5 0.5 1.0 1.0 0.5 1.0 2.0 0.5 1.0 1.0 0.5 1.0 1.0 0.0 0.0 1.0 1.0
1.0 0.5 0.5 0.0 1.0 2.0 1.0 1.0 1.0 0.5 2.0 1.0 1.0 2.0 0.5 0.5 1.0 1.0
1.0 1.0 1.0 1.0 2.0 0.5 2.0 0.5 0.5 1.0 1.0 1.0 2.0 1.0 2.0 1.0 1.0 2.0
Nom: Individu
Type: Bug
HP: 200
Attaques: [(50, 'Fire'), (50, 'Steel'), (50, 'Ground'), (50, 'Bug')]
Fitness: 0
