2.0 0.5 2.0 1.0 0.5 1.0 1.0 2.0 1.0 1.0 1.0 0.0 1.0 1.0 1.0 1.0 1.0 1.0
2.0 1.0 1.0 1.0 2.0 1.0 1.0 2.0 1.0 1.0 1.0 1.0 2.0 1.0 1.0 0.5 1.0 2.0
0.5 1.0 1.0 1.0 1.0 1.0 0.5 1.0 0.5 1.0 1.0 0.5 2.0 0.5 1.0 1.0 2.0 2.0
1.0 0.0 2.0 1.0 1.0 2.0 1.0 2.0 1.0 2.0 2.0 1.0 2.0 1.0 1.0 2.0 1.0 2.0
1.0 0.0 1.0 1.0 1.0 1.0 1.0 1.0 2.0 1.0 1.0 2.0 1.0 1.0 0.0 1.0 0.5 1.0
0.5 1.0 2.0 0.5 2.0 1.0 2.0 0.5 1.0 2.0 1.0 1.0 1.0 0.5 2.0 0.5 0.5 1.0
0.5 0.5 1.0 1.0 0.0 2.0 1.0 1.0 0.5 1.0 1.0 1.0 1.0 1.0 1.0 0.0 1.0 1.0
1.0 2.0 0.5 2.0 1.0 1.0 1.0 1.0 1.0 0.5 2.0 2.0 1.0 1.0 1.0 2.0 0.5 1.0
2.0 2.0 1.0 1.0 1.0 1.0 0.5 1.0 1.0 0.5 1.0 1.0 0.5 0.0 0.5 1.0 2.0 0.5
1.0 1.0 0.5 1.0 1.0 2.0 1.0 1.0 2.0 1.0 1.0 1.0 1.0 1.0 1.0 1.0 1.0 0.5
1.0 1.0 2.0 1.0 1.0 2.0 2.0 1.0 2.0 0.5 1.0 1.0 1.0 1.0 2.0 0.5 1.0 0.5
0.5 1.0 2.0 1.0 1.0 1.0 0.5 2.0 1.0 1.0 1.0 1.0 1.0 1.0 0.0 1.0 0.5 1.0
0.5 0.5 2.0 0.5 1.0 1.0 1.0 2.0 2.0 1.0 1.0 1.0 1.0 1.0 1.0 1.0 1.0 1.0
1.0 1.0 1.0 0.5 1.0 0.0 1.0 0.5 1.0 1.0 0.5 1.0 1.0 1.0 1.0 2.0 0.5 2.0
1.0 1.0 1.0 1.0 0.5 1.0 1.0 1.0 1.0 2.0 2.0 1.0 1.0 1.0 2.0 1.0 0.5 0.5
0.5 0.5 0.5 1.0 1.0 0.5 1.0 2.0 0.5 1.0 1.0 0.5 1.0 1.0 0.0 0.0 1.0 1.0
1.0 0.5 0.5 0.0 1.0 2.0 1.0 1.0 1.0 0.5 2.0 1.0 1.0 2.0 0.5 0.5 1.0 1.0
1.0 1.0 1.0 1.0 2.0 0.5 2.0 0.5 0.5 1.0 1.0 1.0 2.0 1.0 2.0 1.0 1.0 2.0
Nom: Individu
Type: Ghost
HP: 200
Attaques: [(50, 'Ghost'), (50, 'Fairy'), (50, 'Ghost'), (50, 'Rock')]
Fitness: 0
