1 2 1 1 1 0.5 0 0.5 1 1 1 2 1 1 1 1 1 1
1 1 0.5 1 1 1 0.5 0.5 2 1 1 1 2 0.5 1 1 1 0.5
1 2 1 1 1 0.5 1 1 2 2 1 2 0.5 0 0.5 2 1 1
1 1 1 0 0 0.5 0.5 0.5 0.5 1 1 1 1 0.5 1 2 1 1
2 1 0.5 2 1 2 0.5 2 1 2 2 0 2 0.5 1 1 2 2
1 0.5 1 1 0 2 2 2 0.5 1 2 1 2 0.5 1 1 2 1
1 0.5 0.5 0.5 2 1 0.5 2 0 0.5 1 1 1 2 1 1 2 0
0.5 1 1 1 1 1 0.5 2 1 1 1 2 1 1 0.5 1 0 1
1 2 1 1 1 1 1 1 1 0 0 2 0.5 1 1 1 1 1
2 0.5 1 1 2 0.5 1 1 1 0.5 0.5 1 1 0.5 1 0.5 2 2
1 2 2 1 1 1 1 2 1 1 0.5 0.5 2 1 2 0 1 1
1 2 0 0.5 1 1 0.5 2 0.5 0 1 0 1 2 2 0.5 1 1
1 0.5 2 1 0.5 2 1 2 1 1 2 0 0.5 0.5 2 0.5 2 1
1 2 1 2 2 2 1 1 1 1 2 2 1 0 0.5 2 0.5 1
1 1 1 1 2 1 0.5 1 0.5 0 0.5 1 2 1 0.5 1 1 2
2 2 1 1 1 1 1 1 0 2 1 1 1 0.5 0.5 1 1 0.5
1 0.5 1 2 1 1 0.5 1 1 1 1 1 1 1 1 2 0.5 0.5
1 1 2 0.5 1 1 0.5 2 0.5 0.5 0.5 1 1 2 0 1 1 1
Nom: Null
Type: Normal
HP: 200
Attaques: [(50, 'Dark'), (50, 'Water'), (50, 'Bug'), (50, 'Fairy'), (50, 'Fighting'), (50, 'Fairy'), (50, 'Psychic'), (50, 'Ground'), (50, 'Ice'), (50, 'Poison'), (50, 'Rock'), (50, 'Water')]
Fitness: 0
