2.0 0.5 2.0 1.0 0.5 1.0 1.0 2.0 1.0 1.0 1.0 0.0 1.0 1.0 1.0 1.0 1.0 1.0
2.0 1.0 1.0 1.0 2.0 1.0 1.0 2.0 1.0 1.0 1.0 1.0 2.0 1.0 1.0 0.5 1.0 2.0
0.5 1.0 1.0 1.0 1.0 1.0 0.5 1.0 0.5 1.0 1.0 0.5 2.0 0.5 1.0 1.0 2.0 2.0
1.0 0.0 2.0 1.0 1.0 2.0 1.0 2.0 1.0 2.0 2.0 1.0 2.0 1.0 1.0 2.0 1.0 2.0
1.0 0.0 1.0 1.0 1.0 1.0 1.0 1.0 2.0 1.0 1.0 2.0 1.0 1.0 0.0 1.0 0.5 1.0
0.5 1.0 2.0 0.5 2.0 1.0 2.0 0.5 1.0 2.0 1.0 1.0 1.0 0.5 2.0 0.5 0.5 1.0
0.5 0.5 1.0 1.0 0.0 2.0 1.0 1.0 0.5 1.0 1.0 1.0 1.0 1.0 1.0 0.0 1.0 1.0
1.0 2.0 0.5 2.0 1.0 1.0 1.0 1.0 1.0 0.5 2.0 2.0 1.0 1.0 1.0 2.0 0.5 1.0
2.0 2.0 1.0 1.0 1.0 1.0 0.5 1.0 1.0 0.5 1.0 1.0 0.5 0.0 0.5 1.0 2.0 0.5
1.0 1.0 0.5 1.0 1.0 2.0 1.0 1.0 2.0 1.0 1.0 1.0 1.0 1.0 1.0 1.0 1.0 0.5
1.0 1.0 2.0 1.0 1.0 2.0 2.0 1.0 2.0 0.5 1.0 1.0 1.0 1.0 2.0 0.5 1.0 0.5
0.5 1.0 2.0 1.0 1.0 1.0 0.5 2.0 1.0 1.0 1.0 1.0 1.0 1.0 0.0 1.0 0.5 1.0
0.5 0.5 2.0 0.5 1.0 1.0 1.0 2.0 2.0 1.0 1.0 1.0 1.0 1.0 1.0 1.0 1.0 1.0
1.0 1.0 1.0 0.5 1.0 0.0 1.0 0.5 1.0 1.0 0.5 1.0 1.0 1.0 1.0 2.0 0.5 2.0
1.0 1.0 1.0 1.0 0.5 1.0 1.0 1.0 1.0 2.0 2.0 1.0 1.0 1.0 2.0 1.0 0.5 0.5
0.5 0.5 0.5 1.0 1.0 0.5 1.0 2.0 0.5 1.0 1.0 0.5 1.0 1.0 0.0 0.0 1.0 1.0
1.0 0.5 0.5 0.0 1.0 2.0 1.0 1.0 1.0 0.5 2.0 1.0 1.0 2.0 0.5 0.5 1.0 1.0
1.0 1.0 1.0 1.0 2.0 0.5 2.0 0.5 0.5 1.0 1.0 1.0 2.0 1.0 2.0 1.0 1.0 2.0
Nom: Individu
Type: Fairy
HP: 200
Attaques: [(50, 'Psychic'), (50, 'Psychic'), (50, 'Electric'), (50, 'Psychic')]
Fitness: 0
