0.5 2 1 1 1 0.5 0 0.5 0 1 1 2 1 1 1 1 1 1
1 1 0.5 1 1 1 0.5 0.5 2 1 1 1 2 0.5 1 1 1 0.5
1 2 1 1 1 0.5 1 1 2 2 1 2 0.5 0 0.5 2 1 1
1 1 1 0 0 0.5 0.5 0.5 0.5 1 1 1 1 0.5 1 2 1 1
2 1 0.5 2 1 2 0.5 2 1 2 2 0 2 0.5 1 1 1 2
1 0.5 1 1 0 2 2 2 0.5 1 2 1 2 0.5 1 1 1 1
1 0.5 0.5 0.5 2 1 0.5 0.5 0 0.5 1 1 1 2 1 1 2 0
0.5 1 2 1 1 1 0.5 2 1 1 1 2 1 1 0.5 1 0 1
1 2 1 1 1 1 1 1 1 0.5 0 2 0.5 0 1 1 1 1
2 0.5 1 1 2 0.5 1 1 1 0.5 0.5 1 1 0.5 1 0.5 2 2
1 2 2 1 1 1 1 2 1 1 0.5 0.5 2 1 2 0 1 1
1 2 0.5 0.5 1 1 0.5 2 0.5 0 1 0 1 2 2 0.5 1 1
1 0.5 2 1 0.5 2 1 2 1 1 2 0 0.5 0.5 2 0.5 2 1
1 2 1 2 2 2 1 1 1 1 2 2 1 0 0.5 1 0.5 1
1 1 1 1 2 2 0.5 1 0.5 0 0.5 2 2 1 0.5 1 1 2
2 2 1 1 1 1 1 1 0 2 1 1 1 0.5 0.5 1 1 0.5
1 0.5 1 2 2 2 0.5 1 1 1 1 2 1 1 1 0.5 0.5 0.5
1 2 2 0.5 1 1 0.5 1 0 0.5 0.5 1 1 2 1 1 1 1
Nom: Null
Type: Rock
HP: 200
Attaques: [(50, 'Grass'), (50, 'Ground'), (50, 'Normal'), (50, 'Steel'), (50, 'Bug'), (50, 'Ground'), (50, 'Poison'), (50, 'Rock'), (50, 'Fairy'), (50, 'Ghost'), (50, 'Fairy'), (50, 'Ice')]
Fitness: 0
