1.0 2 1.0 1.0 1.0 1.0 1.0 2.0 1 2.0 1 1 2.0 1.0 1 1 0.5 1
1 1.0 1.0 1 0.5 0.5 1 1 1 1.0 2.0 2 0.5 2 2.0 1.0 1 1.0
2 2 1.0 1 1.0 1.0 0.5 1.0 1 1.0 0.0 1.0 1 0.0 1 1.0 1.0 0.5
2 1 1.0 2 2.0 1 0.5 2 1.0 1 1 1.0 0.5 2.0 1.0 2 2.0 2
1 0.5 1 0.5 2 1 1 2.0 1 1.0 2 2 1 1.0 1.0 0.5 2.0 1.0
0.5 0.5 1.0 1 1.0 1 1 1 0.5 1.0 1.0 0.5 2 2.0 1.0 2 1 1.0
1 1 0.5 0.5 1.0 1 2 0 2 2.0 2 1 1 0.5 1 2.0 0.5 1
1.0 1 1 2 0.5 0.5 1 0.5 2.0 0.5 1 0.5 0.5 0.5 0.5 1.0 0.5 1.0
1.0 2 1.0 2 0.5 2 1 2.0 1 0.5 2.0 1.0 1.0 1 1 1.0 1.0 1
1.0 0 1.0 1 1 0.5 2.0 1.0 1.0 1.0 1 1.0 0.5 1.0 2.0 1.0 1.0 1
1 1 0.5 0.5 2.0 2.0 1.0 1 2.0 0.5 0.5 1.0 2.0 0.5 0.5 1 0 1
2.0 0.5 0.5 1.0 2 2 1.0 0.5 0.0 2.0 1.0 1 0.5 2 1 1.0 1.0 2
0.5 1.0 2 0.5 2 1.0 2 1.0 1.0 1.0 1.0 1 1 0.5 1 2 1 0.5
1.0 0.5 1 1.0 2 1 2 1.0 2.0 1 2 0 1.0 0.5 2.0 1.0 1.0 0.5
2.0 1 2 1.0 0.5 0.5 1.0 0.5 1 0.5 0.5 2.0 1.0 1 1 1.0 2 2.0
1 1.0 1.0 0.5 1 0.0 1 2 2 1.0 1.0 1 2 0.5 1.0 0.5 0.5 0.5
0.5 1 1 0.5 1.0 1 1 2 2 0.5 0.5 2.0 1.0 1 0.5 1 2 2
2.0 1.0 1.0 2 1 2.0 1.0 0.5 1.0 1.0 1 1.0 1 1 1 1 1 1
Nom: Individu
Type: Grass
HP: 200
Attaques: [(50, 'Poison'), (50, 'Rock'), (50, 'Fire'), (50, 'Poison')]
Fitness: 0
