2 2 0.5 1 2 1 2 2 1 1 2 1 1 0.5 2 1 2 1
1 1 1 1 1 1 1 2 1 0.5 1 2 1 1 0.5 2 1 2
0.5 2 0.5 1 1 1 1 1 1 1 0.5 1 1 1 1 2 1 2
1 2 0.5 1 2 1 1 1 1 1 2 0.5 1 2 1 1 1 1
0 1 1 2 1 1 1 1 0.5 0.5 2 1 0 2 1 2 1 0.5
2 0.5 1 1 1 0 1 1 1 1 1 0.5 0.5 0.5 1 1 2 0.5
1 1 1 1 1 1 2 1 1 1 1 0.5 0.5 1 2 2 1 2
1 1 1 1 1 1 0.5 1 2 0.5 2 1 1 2 1 2 2 1
1 0 1 2 1 1 2 1 2 1 1 1 1 1 1 1 2 1
0.5 1 1 0.5 1 2 2 2 1 1 1 0.5 0.5 0.5 1 1 2 1
1 1 1 0.5 2 2 2 2 0.5 0.5 2 0.5 2 2 1 1 1 1
2 0.5 1 1 2 1 0.5 0 2 1 2 1 1 1 0.5 0.5 0.5 0.5
2 1 0.5 1 2 1 0.5 1 1 2 0.5 1 1 1 0.5 1 0.5 0.5
2 1 0.5 1 1 1 0.5 1 0.5 1 2 0.5 0.5 1 2 1 2 1
1 1 1 1 2 1 1 0.5 1 2 1 1 1 0.5 1 2 1 1
1 1 2 1 1 2 1 1 1 1 1 0 1 1 0.5 2 2 1
1 2 1 1 1 1 2 1 1 1 0.5 1 0.5 1 1 1 2 0.5
0.5 1 1 1 0.5 1 0.5 2 1 1 0.5 0.5 0.5 2 1 1 2 1
Nom: Dracaufeu
Type: Fire
HP: 200
Attaques: [(50, 'Ground'), (50, 'Ice'), (50, 'Poison'), (50, 'Fire')]
Fitness: 1285.0
